0.16680301558175747 
0.16680301558175747 
0.16680301558175747 
0.16680301558175747 
0.16415532712021585 
0.13458475755706567 
0.11054920926594292 
0.091030385170824735 
0.075188960637508795 
0.062336104783107582 
0.051908487056056885 
0.043446745507848106 
0.036577191877099069 
0.030996430399874431 
0.026458532659345946 
0.017882885847065322 
0.011072696720770159 
0.0066561819906686415 
0.0040390285351951105 
0.0027558847701262268 
0.00099136858251946958 
0.00053939217476473011 
0.00012888629696150566 
8.9970947446782468e-05 
8.9970947446782468e-05 
8.9970947446782468e-05 
8.9970947446782468e-05 
8.9970947446782468e-05 
8.9970947446782468e-05 
8.9970947446782468e-05 
8.9970947446782468e-05 
8.9970947446782468e-05 
8.9970947446782468e-05 
8.9970947446782468e-05 
8.9970947446782468e-05 
5.5539042554508811e-05 
5.5539042554508811e-05 
5.5539042554508811e-05 
2.8519095021106722e-05 
2.8519095021106722e-05 
2.8519095021106722e-05 
2.8519095021106722e-05 
2.8519095021106722e-05 
2.8519095021106722e-05 
2.8519095021106722e-05 
2.8519095021106722e-05 
2.8519095021106722e-05 
1.598631500276948e-05 
1.598631500276948e-05 
1.598631500276948e-05 
1.5771287250054833e-05 
1.5771287250054833e-05 
1.5771287250054833e-05 
1.5771287250054833e-05 
1.5771287250054833e-05 
1.5771287250054833e-05 
1.5771287250054833e-05 
4.8034356803228206e-06 
4.8034356803228206e-06 
4.5820889452707902e-06 
4.5820889452707902e-06 
4.5820889452707902e-06 
4.5820889452707902e-06 
4.5820889452707902e-06 
4.5820889452707902e-06 
4.5820889452707902e-06 
3.1803198418112189e-06 
2.1400497076662361e-06 
1.6472474771989098e-06 
1.5265043585843685e-06 
1.5265043585843685e-06 
1.5265043585843685e-06 
1.5265043585843685e-06 
1.5265043585843685e-06 
1.5265043585843685e-06 
1.5265043585843685e-06 
1.5265043585843685e-06 
1.5265043585843685e-06 
1.5265043585843685e-06 
1.5265043585843685e-06 
1.5265043585843685e-06 
1.5265043585843685e-06 
1.5260270513905994e-06 
1.055937453586786e-06 
1.055937453586786e-06 
1.055937453586786e-06 
1.055937453586786e-06 
1.055937453586786e-06 
9.6881064914899895e-07 
8.6919988673272996e-07 
7.93043554603301e-07 
7.3454951354801068e-07 
6.8939714359395055e-07 
6.4591154491644431e-07 
5.9742490432501683e-07 
3.0820205410009294e-07 
1.0350986723306477e-07 
4.0146551194553126e-08 
4.0146551194553126e-08 
4.0146551194553126e-08 
4.0146551194553126e-08 
4.0146551194553126e-08 
4.0146551194553126e-08 
4.0146551194553126e-08 
4.0146551194553126e-08 
4.0146551194553126e-08 
4.0146551194553126e-08 
4.0146551194553126e-08 
4.0146551194553126e-08 
4.0146551194553126e-08 
3.4624241029845848e-08 
2.7532203517033338e-08 
2.4914266538722529e-08 
2.4914266538722529e-08 
1.6738571639862698e-08 
1.0350372892098392e-08 
6.1872326151402035e-09 
3.5451086510818186e-09 
1.9323599387277568e-09 
1.0074021616901518e-09 
5.3433690805348988e-10 
3.5144442911416718e-10 
3.4885849764521026e-10 
3.4885849764521026e-10 
3.4885849764521026e-10 
3.4885849764521026e-10 
3.4885849764521026e-10 
3.4885849764521026e-10 
3.4885849764521026e-10 
3.4885849764521026e-10 
3.4885849764521026e-10 
3.4885849764521026e-10 
3.4885849764521026e-10 
3.4885849764521026e-10 
3.4885849764521026e-10 
3.4885849764521026e-10 
2.6131841135423883e-10 
1.2131950999361152e-10 
5.6326054931332692e-11 
3.7775338412870951e-11 
3.7775338412870951e-11 
3.7775338412870951e-11 
3.7775338412870951e-11 
3.7775338412870951e-11 
3.7775338412870951e-11 
3.7775338412870951e-11 
3.7775338412870951e-11 
3.7775338412870951e-11 
3.7775338412870951e-11 
3.7775338412870951e-11 
3.7775338412870951e-11 
3.7775338412870951e-11 
3.7695957466610253e-11 
3.7695957466610253e-11 
3.7695957466610253e-11 
3.3933855725365447e-11 
2.1354362722547648e-11 
1.3197887227534011e-11 
7.9695139376667612e-12 
4.6683767962463207e-12 
2.6264546093557328e-12 
1.3998802117498599e-12 
6.9499961341534799e-13 
3.1918911957973251e-13 
1.4621637234313312e-13 
9.4479979395600822e-14 
9.4479979395600822e-14 
9.4479979395600822e-14 
9.4479979395600822e-14 
9.4479979395600822e-14 
9.4479979395600822e-14 
9.4479979395600822e-14 
9.4479979395600822e-14 
9.4479979395600822e-14 
9.4479979395600822e-14 
8.1268325402561459e-14 
3.5305092183079978e-14 
1.8540724511240114e-14 
1.7652546091539989e-14 
1.7652546091539989e-14 
1.7652546091539989e-14 
1.7652546091539989e-14 
1.7652546091539989e-14 
1.7652546091539989e-14 
1.7652546091539989e-14 
1.7652546091539989e-14 
1.7652546091539989e-14 
1.7652546091539989e-14 
1.7652546091539989e-14 
1.7652546091539989e-14 
1.7652546091539989e-14 
1.3433698597964394e-14 
9.4368957093138306e-15 
6.5503158452884236e-15 
4.6629367034256575e-15 
3.4416913763379853e-15 
2.886579864025407e-15 
1.9984014443252818e-15 
1.7763568394002505e-15 
1.5543122344752192e-15 
1.4432899320127035e-15 
1.3322676295501878e-15 
1.1102230246251565e-15 
9.9920072216264089e-16 
9.9920072216264089e-16 
8.8817841970012523e-16 
8.8817841970012523e-16 
8.8817841970012523e-16 
8.8817841970012523e-16 
8.8817841970012523e-16 
8.8817841970012523e-16 
6.6613381477509392e-16 
4.4408920985006262e-16 
4.4408920985006262e-16 
4.4408920985006262e-16 
3.3306690738754696e-16 
2.2204460492503131e-16 
2.2204460492503131e-16 
2.2204460492503131e-16 
2.2204460492503131e-16 
2.2204460492503131e-16 
2.2204460492503131e-16 
2.2204460492503131e-16 
2.2204460492503131e-16 
2.2204460492503131e-16 
1.1102230246251565e-16 
1.1102230246251565e-16 
1.1102230246251565e-16 
1.1102230246251565e-16 
1.1102230246251565e-16 
1.1102230246251565e-16 
1.1102230246251565e-16 
1.1102230246251565e-16 
1.1102230246251565e-16 
1.1102230246251565e-16 
1.1102230246251565e-16 
0 
0 
0 
0 
0 
0 
0 
0 
0 
0 
0 
0 
0 
0 
0 
0 
0 
0 
0 
0 
0 
0 
0 
0 
0 
0 
0 
0 
0 
0 
0 
0 
0 
0 
0 
0 
0 
0 
0 
0 
0 
0 
0 
0 
0 
0 
0 
0 
0 
0 
0 
0 
0 
0 
0 
0 
0 
0 
0 
0 
0 
0 
0 
0 
0 
0 
0 
0 
0 
0 
0 
0 
0 
0 
0 
0 
0 
0 
0 
0 
0 
0 
0 
0 
0 
0 
0 
0 
0 
0 
0 
0 
0 
0 
0 
0 
0 
0 
0 
0 
0 
0 
0 
0 
0 
0 
0 
0 
0 
0 
0 
0 
0 
0 
0 
0 
0 
0 
0 
0 
0 
0 
0 
0 
0 
0 
0 
0 
0 
0 
0 
0 
0 
0 
0 
0 
0 
0 
0 
0 
0 
0 
0 
0 
0 
0 
0 
0 
0 
0 
0 
0 
0 
0 
0 
0 
0 
0 
0 
0 
0 
0 
0 
0 
0 
0 
0 
0 
0 
0 
0 
0 
0 
0 
0 
0 
0 
0 
0 
0 
0 
0 
0 
0 
0 
0 
0 
0 
0 
0 
0 
0 
0 
0 
0 
0 
0 
0 
0 
0 
0 
0 
0 
0 
0 
0 
0 
0 
0 
0 
0 
0 
0 
0 
0 
0 
0 
0 
0 
0 
0 
0 
0 
0 
0 
0 
0 
0 
0 
0 
0 
0 
0 
0 
0 
0 
0 
0 
0 
0 
0 
0 
0 
0 
0 
0 
0 
0 
0 
0 
0 
0 
0 
0 
0 
0 
0 
0 
0 
0 
0 
0 
0 
0 
0 
0 
0 
0 
0 
0 
0 
0 
0 
0 
0 
0 
0 
0 
0 
0 
0 
0 
0 
0 
0 
0 
0 
0 
0 
0 
0 
0 
0 
0 
0 
0 
0 
0 
0 
0 
0 
0 
0 
0 
0 
0 
0 
0 
0 
0 
0 
0 
0 
0 
0 
0 
0 
0 
0 
0 
0 
0 
0 
0 
0 
0 
0 
0 
0 
0 
0 
0 
0 
0 
0 
0 
0 
0 
0 
0 
0 
0 
0 
0 
0 
0 
0 
0 
0 
0 
0 
0 
0 
0 
0 
0 
0 
0 
0 
0 
0 
0 
0 
0 
0 
0 
0 
0 
0 
0 
0 
0 
0 
0 
0 
0 
0 
0 
0 
0 
0 
0 
0 
0 
0 
0 
0 
0 
0 
0 
0 
0 
0 
0 
0 
0 
0 
0 
0 
0 
0 
0 
0 
0 
0 
0 
0 
0 
0 
0 
0 
0 
0 
0 
0 
0 
0 
0 
0 
0 
0 
0 
0 
0 
0 
0 
0 
0 
0 
0 
0 
0 
0 
0 
0 
0 
0 
0 
0 
0 
0 
0 
0 
0 
0 
0 
0 
0 
0 
0 
0 
0 
0 
0 
0 
0 
0 
0 
0 
0 
0 
0 
0 
0 
0 
0 
0 
0 
0 
0 
0 
0 
0 
0 
0 
0 
0 
0 
0 
0 
0 
0 
0 
0 
0 
0 
0 
0 
0 
0 
0 
0 
0 
0 
0 
0 
0 
0 
0 
0 
0 
0 
0 
0 
0 
0 
0 
0 
0 
0 
0 
0 
0 
0 
0 
0 
0 
0 
0 
0 
0 
0 
0 
0 
0 
0 
0 
0 
0 
0 
0 
0 
0 
0 
0 
0 
0 
0 
0 
0 
0 
0 
0 
0 
0 
0 
0 
0 
0 
0 
0 
0 
0 
0 
0 
0 
0 
0 
0 
0 
0 
0 
0 
0 
0 
0 
0 
0 
0 
0 
0 
0 
0 
0 
0 
0 
0 
0 
0 
0 
0 
0 
0 
0 
0 
0 
0 
0 
0 
0 
0 
0 
0 
0 
0 
0 
0 
0 
0 
0 
0 
0 
0 
0 
0 
0 
0 
0 
0 
0 
0 
0 
0 
0 
0 
0 
0 
0 
0 
0 
0 
0 
0 
0 
0 
0 
0 
0 
0 
0 
0 
0 
0 
0 
0 
0 
0 
0 
0 
0 
0 
0 
0 
0 
0 
0 
0 
0 
0 
0 
0 
0 
0 
0 
0 
0 
0 
0 
0 
0 
0 
0 
0 
0 
0 
0 
0 
0 
0 
0 
0 
0 
0 
0 
0 
0 
0 
0 
0 
0 
0 
0 
0 
0 
0 
0 
0 
0 
0 
0 
0 
0 
0 
0 
0 
0 
0 
0 
0 
0 
0 
0 
0 
0 
0 
0 
0 
0 
0 
0 
0 
0 
0 
0 
0 
0 
0 
0 
0 
0 
0 
0 
0 
0 
0 
0 
0 
0 
0 
0 
0 
0 
0 
0 
0 
0 
0 
0 
0 
0 
0 
0 
0 
0 
0 
0 
0 
0 
0 
0 
0 
0 
0 
0 
0 
0 
0 
0 
0 
0 
0 
0 
0 
0 
