1.1780259162692417 
1.1780259162692417 
1.1780259162692417 
1.1780259162692417 
1.1780259162692417 
1.1780259162692417 
1.1780259162692417 
1.1780259162692417 
0.80113973119052972 
0.42606196680217312 
0.17314710728621363 
0.038484685339930325 
0.0023197901270016752 
0.0023197901270016752 
0.0023197901270016752 
0.0023197901270016752 
0.0023197901270016752 
0.0023197901270016752 
0.0023197901270016752 
0.0023197901270016752 
0.0023197901270016752 
0.0023197901270016752 
0.0023197901270016752 
0.0023197901270016752 
0.0023197901270016752 
0.002193064238956044 
0.002193064238956044 
0.002193064238956044 
0.002193064238956044 
0.002193064238956044 
0.002193064238956044 
0.002193064238956044 
0.002193064238956044 
0.002193064238956044 
0.002193064238956044 
0.002193064238956044 
0.002193064238956044 
0.002193064238956044 
0.0021632808306644158 
0.0021632808306644158 
0.0021632808306644158 
0.0021632808306644158 
0.0021632808306644158 
0.0021632808306644158 
0.0021632808306644158 
0.0021632808306644158 
0.0021632808306644158 
0.0021632808306644158 
0.0021632808306644158 
0.0021632808306644158 
0.0021632808306644158 
0.0021620576113057233 
0.0021620576113057233 
0.0021620576113057233 
0.0021620576113057233 
0.0021620576113057233 
0.0021620576113057233 
0.0021620576113057233 
0.0021620576113057233 
0.0021620576113057233 
0.0021620576113057233 
0.0021620576113057233 
0.0021620576113057233 
0.0021620576113057233 
0.0021609504676705082 
0.0021609504676705082 
0.0020919606079383701 
0.0017766149535799469 
0.0015249794833750441 
0.0013232685485174978 
0.0011608256769669589 
0.0010293939872784152 
0.00092255849783295929 
0.00083531986262985747 
0.00076376851191684025 
0.00070483544997779202 
0.00065610155236728307 
0.00054354085271945962 
0.00037479068881740574 
0.00026721716605404566 
0.00020254975921485396 
0.00016754595464640865 
0.00015266656528734046 
0.00015109062097617976 
0.00015109062097617976 
0.00015109062097617976 
0.00015109062097617976 
0.00015109062097617976 
0.00013989289912930136 
0.00012374251429247973 
0.00011134260522094319 
0.00010177578778813867 
9.4356366045822426e-05 
8.8570879388294443e-05 
8.4033982087894366e-05 
8.04557082854096e-05 
7.761718556431596e-05 
7.535261397528803e-05 
7.3535889180464942e-05 
7.2070666677470641e-05 
7.0882975144348492e-05 
6.9915718068358501e-05 
6.9124574359147317e-05 
6.8474935837836703e-05 
6.7939613733636328e-05 
6.7497116055803552e-05 
6.7130349324373562e-05 
6.682563626458915e-05 
6.6571969266404629e-05 
6.6360440207691163e-05 
6.6183802623687171e-05 
6.6036133532620944e-05 
6.5912570628046119e-05 
6.5809106723491162e-05 
6.5722427917802584e-05 
6.5649785341737044e-05 
6.558889284802305e-05 
6.5537844879282048e-05 
6.5495050132646782e-05 
6.5459177675530889e-05 
6.5429112943271583e-05 
6.5403921632789519e-05 
6.5382819945170034e-05 
6.5262684858513609e-05 
6.4790302960249235e-05 
6.4426764742608889e-05 
6.4144965956192124e-05 
6.3924978265017529e-05 
6.3752070660449967e-05 
6.3615288993235097e-05 
6.3506434575755222e-05 
6.3419328232838801e-05 
6.3349278671909204e-05 
6.329269723592823e-05 
6.3246817691653412e-05 
6.315724847227866e-05 
6.3053694435044605e-05 
6.2969064398843422e-05 
6.2899755851053563e-05 
6.2842898177040141e-05 
6.2796190815617159e-05 
6.2757780544542285e-05 
6.2726167690208001e-05 
6.2700133859117102e-05 
6.267868580678293e-05 
6.2661011493769792e-05 
6.2646445430747377e-05 
6.263444115162109e-05 
6.2624549212686453e-05 
6.2616399501225217e-05 
6.2609686940717779e-05 
6.2604159881352039e-05 
6.2599610642699588e-05 
6.2595867776016334e-05 
6.2592789721427344e-05 
6.2590259595096676e-05 
6.2588180894551648e-05 
6.2586473959735933e-05 
6.2585073050569484e-05 
6.2583923930437102e-05 
6.2582981871228682e-05 
6.2582210001327354e-05 
6.2581577938147781e-05 
6.2581060661037746e-05 
6.2580637572695608e-05 
6.2580291727454274e-05 
6.2580009191903763e-05 
6.2579778514648687e-05 
6.2579590290878784e-05 
6.2579436800103139e-05 
6.2579311709054508e-05 
6.2579209824886739e-05 
6.2579126893003156e-05 
6.2579059429301864e-05 
6.2579004581730935e-05 
6.2578960018933039e-05 
6.2578923833878086e-05 
6.2578894470144419e-05 
6.2578870656082586e-05 
6.2578851354855303e-05 
6.2578835721138759e-05 
6.2578823065484457e-05 
6.2578812827451813e-05 
6.2578804549628941e-05 
6.2578797861201352e-05 
6.2578792460521449e-05 
6.2578788102118921e-05 
6.257878458693078e-05 
6.2578781753863666e-05 
6.2578779471800239e-05 
6.2578777634603178e-05 
6.2578776156563265e-05 
6.2578774968402584e-05 
6.2578774013832827e-05 
6.257877324677974e-05 
6.2578772631494139e-05 
6.2578772138444094e-05 
6.2578771742760608e-05 
6.2578771425902957e-05 
6.2578771172216996e-05 
6.2578770969379249e-05 
6.257877080739771e-05 
6.2578770677612638e-05 
6.2578770574139853e-05 
6.2578770491650282e-05 
6.2578770425703034e-05 
6.2578770373300507e-05 
6.2578770331556122e-05 
6.2578770298360453e-05 
6.2578770271715101e-05 
6.2578770250509841e-05 
6.2578770233967518e-05 
6.2578770220866886e-05 
6.2578770210208745e-05 
6.257877020177105e-05 
6.2578770195220734e-05 
6.2578770189891664e-05 
6.2578770185783839e-05 
6.2578770182453169e-05 
6.2578770180010679e-05 
6.2578770177901255e-05 
6.2578770176124898e-05 
6.2578770174903653e-05 
6.2578770174126497e-05 
6.2578770173016274e-05 
6.2578770172461162e-05 
6.2578770171906051e-05 
6.2578770171572984e-05 
6.2578770171350939e-05 
6.2578770171017872e-05 
6.257877017090685e-05 
6.2578770170684805e-05 
6.2578770170684805e-05 
6.2578770170573783e-05 
6.2578770170573783e-05 
6.2578770170573783e-05 
6.2578770170462761e-05 
6.2578770170462761e-05 
6.2578770170351738e-05 
6.2578770170351738e-05 
6.2578770170351738e-05 
6.2578770170351738e-05 
6.2578770170351738e-05 
6.2578770170240716e-05 
6.2578770170240716e-05 
6.2578770170240716e-05 
6.2578770170240716e-05 
6.2578770170240716e-05 
6.2578770170240716e-05 
6.2578770170240716e-05 
6.2578770170240716e-05 
6.2578770170240716e-05 
6.2578770170240716e-05 
6.2578770170240716e-05 
6.2578770170240716e-05 
6.2578770170240716e-05 
6.2578770170240716e-05 
6.2578770170240716e-05 
6.2578770170240716e-05 
6.2578770170240716e-05 
6.2578770170240716e-05 
6.2578770170240716e-05 
6.2578770170240716e-05 
6.2578770170240716e-05 
6.2578770170240716e-05 
6.2578770170240716e-05 
6.2578770170240716e-05 
6.2578770170240716e-05 
6.2578770170240716e-05 
6.2578770170240716e-05 
6.2578770170240716e-05 
6.2578770170240716e-05 
6.2578770170240716e-05 
6.2578770170240716e-05 
6.2578770170240716e-05 
6.2578770170240716e-05 
6.2578770170240716e-05 
6.2578770170240716e-05 
6.2578770170240716e-05 
6.2578770170240716e-05 
6.2578770170240716e-05 
6.2578770170240716e-05 
6.2578770170240716e-05 
6.2578770170240716e-05 
6.2578770170240716e-05 
6.2578770170240716e-05 
6.2578770170240716e-05 
6.2578770170240716e-05 
6.2578770170240716e-05 
6.2578770170240716e-05 
6.2578770170240716e-05 
6.2578770170240716e-05 
6.2578770170240716e-05 
6.2578770170240716e-05 
6.2578770170240716e-05 
6.2578770170240716e-05 
6.2578770170240716e-05 
6.2578770170240716e-05 
6.2578770170240716e-05 
6.2578770170240716e-05 
6.2578770170240716e-05 
6.2578770170240716e-05 
6.2578770170240716e-05 
6.2578770170240716e-05 
6.2578770170240716e-05 
6.2578770170240716e-05 
6.2578770170240716e-05 
6.2578770170240716e-05 
6.2578770170240716e-05 
6.2578770170240716e-05 
6.2578770170240716e-05 
6.2578770170240716e-05 
6.2578770170240716e-05 
6.2578770170240716e-05 
6.2578770170240716e-05 
6.2578770170240716e-05 
6.2578770170240716e-05 
6.2578770170240716e-05 
6.2578770170240716e-05 
6.2578770170240716e-05 
6.2578770170240716e-05 
6.2578770170240716e-05 
6.2578770170240716e-05 
6.2578770170240716e-05 
6.2578770170240716e-05 
6.2578770170240716e-05 
6.2578770170240716e-05 
6.2578770170240716e-05 
6.2578770170240716e-05 
6.2578770170240716e-05 
6.2578770170240716e-05 
6.2578770170240716e-05 
6.2578770170240716e-05 
6.2578770170240716e-05 
6.2578770170240716e-05 
6.2578770170240716e-05 
6.2578770170240716e-05 
6.2578770170240716e-05 
6.2578770170240716e-05 
6.2578770170240716e-05 
6.2578770170240716e-05 
6.2578770170240716e-05 
6.2578770170240716e-05 
6.2578770170240716e-05 
6.2578770170240716e-05 
6.2578770170240716e-05 
6.2578770170240716e-05 
6.2578770170240716e-05 
6.2578770170240716e-05 
6.2578770170240716e-05 
6.2578770170240716e-05 
6.2578770170240716e-05 
6.2578770170240716e-05 
6.2578770170240716e-05 
6.2578770170240716e-05 
6.2578770170240716e-05 
6.2578770170240716e-05 
6.2578770170240716e-05 
6.2578770170240716e-05 
6.2578770170240716e-05 
6.2578770170240716e-05 
6.2578770170240716e-05 
6.2578770170240716e-05 
6.2578770170240716e-05 
6.2578770170240716e-05 
6.2578770170240716e-05 
6.2578770170240716e-05 
6.2578770170240716e-05 
6.2578770170240716e-05 
6.2578770170240716e-05 
6.2578770170240716e-05 
6.2578770170240716e-05 
6.2578770170240716e-05 
6.2578770170240716e-05 
6.2578770170240716e-05 
6.2578770170240716e-05 
6.2578770170240716e-05 
6.2578770170240716e-05 
6.2578770170240716e-05 
6.2578770170240716e-05 
6.2578770170240716e-05 
6.2578770170240716e-05 
6.2578770170240716e-05 
6.2578770170240716e-05 
6.2578770170240716e-05 
6.2578770170240716e-05 
6.2578770170240716e-05 
6.2578770170240716e-05 
6.2578770170240716e-05 
6.2578770170240716e-05 
6.2578770170240716e-05 
6.2578770170240716e-05 
6.2578770170240716e-05 
6.2578770170240716e-05 
6.2578770170240716e-05 
6.2578770170240716e-05 
6.2578770170240716e-05 
6.2578770170240716e-05 
6.2578770170240716e-05 
6.2578770170240716e-05 
6.2578770170240716e-05 
6.2578770170240716e-05 
6.2578770170240716e-05 
6.2578770170240716e-05 
6.2578770170240716e-05 
6.2578770170240716e-05 
6.2578770170240716e-05 
6.2578770170240716e-05 
6.2578770170240716e-05 
6.2578770170240716e-05 
6.2578770170240716e-05 
6.2578770170240716e-05 
6.2578770170240716e-05 
6.2578770170240716e-05 
6.2578770170240716e-05 
6.2578770170240716e-05 
6.2578770170240716e-05 
6.2578770170240716e-05 
6.2578770170240716e-05 
6.2578770170240716e-05 
6.2578770170240716e-05 
6.2578770170240716e-05 
6.2578770170240716e-05 
6.2578770170240716e-05 
6.2578770170240716e-05 
6.2578770170240716e-05 
6.2578770170240716e-05 
6.2578770170240716e-05 
6.2578770170240716e-05 
6.2578770170240716e-05 
6.2578770170240716e-05 
6.2578770170240716e-05 
6.2578770170240716e-05 
6.2578770170240716e-05 
6.2578770170240716e-05 
6.2578770170240716e-05 
6.2578770170240716e-05 
6.2578770170240716e-05 
6.2578770170240716e-05 
6.2578770170240716e-05 
6.2578770170240716e-05 
6.2578770170240716e-05 
6.2578770170240716e-05 
6.2578770170240716e-05 
6.2578770170240716e-05 
6.2578770170240716e-05 
6.2578770170240716e-05 
6.2578770170240716e-05 
6.2578770170240716e-05 
6.2578770170240716e-05 
6.2578770170240716e-05 
6.2578770170240716e-05 
6.2578770170240716e-05 
6.2578770170240716e-05 
6.2578770170240716e-05 
6.2578770170240716e-05 
6.2578770170240716e-05 
6.2578770170240716e-05 
6.2578770170240716e-05 
6.2578770170240716e-05 
6.2578770170240716e-05 
6.2578770170240716e-05 
6.2578770170240716e-05 
6.2578770170240716e-05 
6.2578770170240716e-05 
6.2578770170240716e-05 
6.2578770170240716e-05 
6.2578770170240716e-05 
6.2578770170240716e-05 
6.2578770170240716e-05 
6.2578770170240716e-05 
6.2578770170240716e-05 
6.2578770170240716e-05 
6.2578770170240716e-05 
6.2578770170240716e-05 
6.2578770170240716e-05 
6.2578770170240716e-05 
6.2578770170240716e-05 
6.2578770170240716e-05 
6.2578770170240716e-05 
6.2578770170240716e-05 
6.2578770170240716e-05 
6.2578770170240716e-05 
6.2578770170240716e-05 
6.2578770170240716e-05 
6.2578770170240716e-05 
6.2578770170240716e-05 
6.2578770170240716e-05 
6.2578770170240716e-05 
6.2578770170240716e-05 
6.2578770170240716e-05 
6.2578770170240716e-05 
6.2578770170240716e-05 
6.2578770170240716e-05 
6.2578770170240716e-05 
6.2578770170240716e-05 
6.2578770170240716e-05 
6.2578770170240716e-05 
6.2578770170240716e-05 
6.2578770170240716e-05 
6.2578770170240716e-05 
6.2578770170240716e-05 
6.2578770170240716e-05 
6.2578770170240716e-05 
6.2578770170240716e-05 
6.2578770170240716e-05 
6.2578770170240716e-05 
6.2578770170240716e-05 
6.2578770170240716e-05 
6.2578770170240716e-05 
6.2578770170240716e-05 
6.2578770170240716e-05 
6.2578770170240716e-05 
6.2578770170240716e-05 
6.2578770170240716e-05 
6.2578770170240716e-05 
6.2578770170240716e-05 
6.2578770170240716e-05 
6.2578770170240716e-05 
6.2578770170240716e-05 
6.2578770170240716e-05 
6.2578770170240716e-05 
6.2578770170240716e-05 
6.2578770170240716e-05 
6.2578770170240716e-05 
6.2578770170240716e-05 
6.2578770170240716e-05 
6.2578770170240716e-05 
6.2578770170240716e-05 
6.2578770170240716e-05 
6.2578770170240716e-05 
6.2578770170240716e-05 
6.2578770170240716e-05 
6.2578770170240716e-05 
6.2578770170240716e-05 
6.2578770170240716e-05 
6.2578770170240716e-05 
6.2578770170240716e-05 
6.2578770170240716e-05 
6.2578770170240716e-05 
6.2578770170240716e-05 
6.2578770170240716e-05 
6.2578770170240716e-05 
6.2578770170240716e-05 
6.2578770170240716e-05 
6.2578770170240716e-05 
6.2578770170240716e-05 
6.2578770170240716e-05 
6.2578770170240716e-05 
6.2578770170240716e-05 
6.2578770170240716e-05 
6.2578770170240716e-05 
6.2578770170240716e-05 
6.2578770170240716e-05 
6.2578770170240716e-05 
6.2578770170240716e-05 
6.2578770170240716e-05 
6.2578770170240716e-05 
6.2578770170240716e-05 
6.2578770170240716e-05 
6.2578770170240716e-05 
6.2578770170240716e-05 
6.2578770170240716e-05 
6.2578770170240716e-05 
6.2578770170240716e-05 
6.2578770170240716e-05 
6.2578770170240716e-05 
6.2578770170240716e-05 
6.2578770170240716e-05 
6.2578770170240716e-05 
6.2578770170240716e-05 
6.2578770170240716e-05 
6.2578770170240716e-05 
6.2578770170240716e-05 
6.2578770170240716e-05 
6.2578770170240716e-05 
6.2578770170240716e-05 
6.2578770170240716e-05 
6.2578770170240716e-05 
6.2578770170240716e-05 
6.2578770170240716e-05 
6.2578770170240716e-05 
6.2578770170240716e-05 
6.2578770170240716e-05 
6.2578770170240716e-05 
6.2578770170240716e-05 
6.2578770170240716e-05 
6.2578770170240716e-05 
6.2578770170240716e-05 
6.2578770170240716e-05 
6.2578770170240716e-05 
6.2578770170240716e-05 
6.2578770170240716e-05 
6.2578770170240716e-05 
6.2578770170240716e-05 
6.2578770170240716e-05 
6.2578770170240716e-05 
6.2578770170240716e-05 
6.2578770170240716e-05 
6.2578770170240716e-05 
6.2578770170240716e-05 
6.2578770170240716e-05 
6.2578770170240716e-05 
6.2578770170240716e-05 
6.2578770170240716e-05 
6.2578770170240716e-05 
6.2578770170240716e-05 
6.2578770170240716e-05 
6.2578770170240716e-05 
6.2578770170240716e-05 
6.2578770170240716e-05 
6.2578770170240716e-05 
6.2578770170240716e-05 
6.2578770170240716e-05 
6.2578770170240716e-05 
6.2578770170240716e-05 
6.2578770170240716e-05 
6.2578770170240716e-05 
6.2578770170240716e-05 
6.2578770170240716e-05 
6.2578770170240716e-05 
6.2578770170240716e-05 
6.2578770170240716e-05 
6.2578770170240716e-05 
6.2578770170240716e-05 
6.2578770170240716e-05 
6.2578770170240716e-05 
6.2578770170240716e-05 
6.2578770170240716e-05 
6.2578770170240716e-05 
6.2578770170240716e-05 
6.2578770170240716e-05 
6.2578770170240716e-05 
6.2578770170240716e-05 
6.2578770170240716e-05 
6.2578770170240716e-05 
6.2578770170240716e-05 
6.2578770170240716e-05 
6.2578770170240716e-05 
6.2578770170240716e-05 
6.2578770170240716e-05 
6.2578770170240716e-05 
6.2578770170240716e-05 
6.2578770170240716e-05 
6.2578770170240716e-05 
6.2578770170240716e-05 
6.2578770170240716e-05 
6.2578770170240716e-05 
6.2578770170240716e-05 
6.2578770170240716e-05 
6.2578770170240716e-05 
6.2578770170240716e-05 
6.2578770170240716e-05 
6.2578770170240716e-05 
6.2578770170240716e-05 
6.2578770170240716e-05 
6.2578770170240716e-05 
6.2578770170240716e-05 
6.2578770170240716e-05 
6.2578770170240716e-05 
6.2578770170240716e-05 
6.2578770170240716e-05 
6.2578770170240716e-05 
6.2578770170240716e-05 
6.2578770170240716e-05 
6.2578770170240716e-05 
6.2578770170240716e-05 
6.2578770170240716e-05 
6.2578770170240716e-05 
6.2578770170240716e-05 
6.2578770170240716e-05 
6.2578770170240716e-05 
6.2578770170240716e-05 
6.2578770170240716e-05 
6.2578770170240716e-05 
6.2578770170240716e-05 
6.2578770170240716e-05 
6.2578770170240716e-05 
6.2578770170240716e-05 
6.2578770170240716e-05 
6.2578770170240716e-05 
6.2578770170240716e-05 
6.2578770170240716e-05 
6.2578770170240716e-05 
6.2578770170240716e-05 
6.2578770170240716e-05 
6.2578770170240716e-05 
6.2578770170240716e-05 
6.2578770170240716e-05 
6.2578770170240716e-05 
6.2578770170240716e-05 
6.2578770170240716e-05 
6.2578770170240716e-05 
6.2578770170240716e-05 
6.2578770170240716e-05 
6.2578770170240716e-05 
6.2578770170240716e-05 
6.2578770170240716e-05 
6.2578770170240716e-05 
6.2578770170240716e-05 
6.2578770170240716e-05 
6.2578770170240716e-05 
6.2578770170240716e-05 
6.2578770170240716e-05 
6.2578770170240716e-05 
6.2578770170240716e-05 
6.2578770170240716e-05 
6.2578770170240716e-05 
6.2578770170240716e-05 
6.2578770170240716e-05 
6.2578770170240716e-05 
6.2578770170240716e-05 
6.2578770170240716e-05 
6.2578770170240716e-05 
6.2578770170240716e-05 
6.2578770170240716e-05 
6.2578770170240716e-05 
6.2578770170240716e-05 
6.2578770170240716e-05 
6.2578770170240716e-05 
6.2578770170240716e-05 
6.2578770170240716e-05 
6.2578770170240716e-05 
6.2578770170240716e-05 
6.2578770170240716e-05 
6.2578770170240716e-05 
6.2578770170240716e-05 
6.2578770170240716e-05 
6.2578770170240716e-05 
6.2578770170240716e-05 
6.2578770170240716e-05 
6.2578770170240716e-05 
6.2578770170240716e-05 
6.2578770170240716e-05 
6.2578770170240716e-05 
6.2578770170240716e-05 
6.2578770170240716e-05 
6.2578770170240716e-05 
6.2578770170240716e-05 
6.2578770170240716e-05 
6.2578770170240716e-05 
6.2578770170240716e-05 
6.2578770170240716e-05 
6.2578770170240716e-05 
6.2578770170240716e-05 
6.2578770170240716e-05 
6.2578770170240716e-05 
6.2578770170240716e-05 
6.2578770170240716e-05 
6.2578770170240716e-05 
6.2578770170240716e-05 
6.2578770170240716e-05 
6.2578770170240716e-05 
6.2578770170240716e-05 
6.2578770170240716e-05 
6.2578770170240716e-05 
6.2578770170240716e-05 
6.2578770170240716e-05 
6.2578770170240716e-05 
6.2578770170240716e-05 
6.2578770170240716e-05 
6.2578770170240716e-05 
6.2578770170240716e-05 
6.2578770170240716e-05 
6.2578770170240716e-05 
6.2578770170240716e-05 
6.2578770170240716e-05 
6.2578770170240716e-05 
6.2578770170240716e-05 
6.2578770170240716e-05 
6.2578770170240716e-05 
6.2578770170240716e-05 
6.2578770170240716e-05 
6.2578770170240716e-05 
6.2578770170240716e-05 
6.2578770170240716e-05 
6.2578770170240716e-05 
6.2578770170240716e-05 
6.2578770170240716e-05 
6.2578770170240716e-05 
6.2578770170240716e-05 
6.2578770170240716e-05 
6.2578770170240716e-05 
6.2578770170240716e-05 
6.2578770170240716e-05 
6.2578770170240716e-05 
6.2578770170240716e-05 
6.2578770170240716e-05 
6.2578770170240716e-05 
6.2578770170240716e-05 
6.2578770170240716e-05 
6.2578770170240716e-05 
6.2578770170240716e-05 
6.2578770170240716e-05 
6.2578770170240716e-05 
6.2578770170240716e-05 
6.2578770170240716e-05 
6.2578770170240716e-05 
6.2578770170240716e-05 
6.2578770170240716e-05 
6.2578770170240716e-05 
6.2578770170240716e-05 
6.2578770170240716e-05 
6.2578770170240716e-05 
6.2578770170240716e-05 
6.2578770170240716e-05 
6.2578770170240716e-05 
6.2578770170240716e-05 
6.2578770170240716e-05 
6.2578770170240716e-05 
6.2578770170240716e-05 
6.2578770170240716e-05 
6.2578770170240716e-05 
6.2578770170240716e-05 
6.2578770170240716e-05 
6.2578770170240716e-05 
6.2578770170240716e-05 
6.2578770170240716e-05 
6.2578770170240716e-05 
6.2578770170240716e-05 
6.2578770170240716e-05 
6.2578770170240716e-05 
6.2578770170240716e-05 
6.2578770170240716e-05 
6.2578770170240716e-05 
6.2578770170240716e-05 
6.2578770170240716e-05 
6.2578770170240716e-05 
6.2578770170240716e-05 
6.2578770170240716e-05 
6.2578770170240716e-05 
6.2578770170240716e-05 
6.2578770170240716e-05 
6.2578770170240716e-05 
6.2578770170240716e-05 
6.2578770170240716e-05 
6.2578770170240716e-05 
6.2578770170240716e-05 
6.2578770170240716e-05 
6.2578770170240716e-05 
6.2578770170240716e-05 
6.2578770170240716e-05 
6.2578770170240716e-05 
6.2578770170240716e-05 
6.2578770170240716e-05 
6.2578770170240716e-05 
6.2578770170240716e-05 
6.2578770170240716e-05 
6.2578770170240716e-05 
6.2578770170240716e-05 
6.2578770170240716e-05 
6.2578770170240716e-05 
6.2578770170240716e-05 
6.2578770170240716e-05 
6.2578770170240716e-05 
6.2578770170240716e-05 
6.2578770170240716e-05 
6.2578770170240716e-05 
6.2578770170240716e-05 
6.2578770170240716e-05 
6.2578770170240716e-05 
6.2578770170240716e-05 
6.2578770170240716e-05 
6.2578770170240716e-05 
6.2578770170240716e-05 
6.2578770170240716e-05 
6.2578770170240716e-05 
6.2578770170240716e-05 
6.2578770170240716e-05 
6.2578770170240716e-05 
6.2578770170240716e-05 
6.2578770170240716e-05 
6.2578770170240716e-05 
6.2578770170240716e-05 
6.2578770170240716e-05 
6.2578770170240716e-05 
6.2578770170240716e-05 
6.2578770170240716e-05 
6.2578770170240716e-05 
6.2578770170240716e-05 
6.2578770170240716e-05 
6.2578770170240716e-05 
6.2578770170240716e-05 
6.2578770170240716e-05 
6.2578770170240716e-05 
6.2578770170240716e-05 
6.2578770170240716e-05 
6.2578770170240716e-05 
6.2578770170240716e-05 
6.2578770170240716e-05 
6.2578770170240716e-05 
6.2578770170240716e-05 
6.2578770170240716e-05 
6.2578770170240716e-05 
6.2578770170240716e-05 
6.2578770170240716e-05 
6.2578770170240716e-05 
6.2578770170240716e-05 
6.2578770170240716e-05 
6.2578770170240716e-05 
6.2578770170240716e-05 
6.2578770170240716e-05 
6.2578770170240716e-05 
6.2578770170240716e-05 
6.2578770170240716e-05 
6.2578770170240716e-05 
6.2578770170240716e-05 
6.2578770170240716e-05 
6.2578770170240716e-05 
6.2578770170240716e-05 
6.2578770170240716e-05 
6.2578770170240716e-05 
6.2578770170240716e-05 
6.2578770170240716e-05 
6.2578770170240716e-05 
6.2578770170240716e-05 
6.2578770170240716e-05 
6.2578770170240716e-05 
6.2578770170240716e-05 
6.2578770170240716e-05 
6.2578770170240716e-05 
6.2578770170240716e-05 
6.2578770170240716e-05 
6.2578770170240716e-05 
6.2578770170240716e-05 
6.2578770170240716e-05 
6.2578770170240716e-05 
6.2578770170240716e-05 
6.2578770170240716e-05 
6.2578770170240716e-05 
6.2578770170240716e-05 
6.2578770170240716e-05 
6.2578770170240716e-05 
6.2578770170240716e-05 
6.2578770170240716e-05 
6.2578770170240716e-05 
6.2578770170240716e-05 
6.2578770170240716e-05 
6.2578770170240716e-05 
6.2578770170240716e-05 
6.2578770170240716e-05 
6.2578770170240716e-05 
6.2578770170240716e-05 
6.2578770170240716e-05 
6.2578770170240716e-05 
6.2578770170240716e-05 
6.2578770170240716e-05 
6.2578770170240716e-05 
6.2578770170240716e-05 
6.2578770170240716e-05 
6.2578770170240716e-05 
6.2578770170240716e-05 
6.2578770170240716e-05 
6.2578770170240716e-05 
6.2578770170240716e-05 
6.2578770170240716e-05 
6.2578770170240716e-05 
6.2578770170240716e-05 
6.2578770170240716e-05 
6.2578770170240716e-05 
6.2578770170240716e-05 
6.2578770170240716e-05 
6.2578770170240716e-05 
6.2578770170240716e-05 
6.2578770170240716e-05 
6.2578770170240716e-05 
6.2578770170240716e-05 
6.2578770170240716e-05 
6.2578770170240716e-05 
6.2578770170240716e-05 
6.2578770170240716e-05 
6.2578770170240716e-05 
6.2578770170240716e-05 
6.2578770170240716e-05 
6.2578770170240716e-05 
6.2578770170240716e-05 
6.2578770170240716e-05 
6.2578770170240716e-05 
6.2578770170240716e-05 
6.2578770170240716e-05 
6.2578770170240716e-05 
6.2578770170240716e-05 
6.2578770170240716e-05 
6.2578770170240716e-05 
6.2578770170240716e-05 
6.2578770170240716e-05 
6.2578770170240716e-05 
6.2578770170240716e-05 
6.2578770170240716e-05 
6.2578770170240716e-05 
6.2578770170240716e-05 
6.2578770170240716e-05 
6.2578770170240716e-05 
6.2578770170240716e-05 
6.2578770170240716e-05 
6.2578770170240716e-05 
6.2578770170240716e-05 
6.2578770170240716e-05 
6.2578770170240716e-05 
6.2578770170240716e-05 
