0.56818947319340918 
0.52784284009377769 
0.4924824415761333 
0.46148696506499642 
0.43430716726547414 
0.41046039614064622 
0.38952432847664697 
0.3711305281797449 
0.35495819766352199 
0.34072833601286623 
0.32819841186949616 
0.31715759044955738 
0.30742251131969744 
0.29883358829916162 
0.29125178929681261 
0.17315298629621534 
0.09243286159224251 
0.045633864979388594 
0.024414122278498152 
0.012452672958342959 
0.012289348751032492 
0.012289348751032492 
0.012289348751032492 
0.012289348751032492 
0.012289348751032492 
0.012289348751032492 
0.012289348751032492 
0.012289348751032492 
0.012289348751032492 
0.012289348751032492 
0.012289348751032492 
0.012289348751032492 
0.012289348751032492 
0.011507268351396704 
0.0097014827939212456 
0.0097014827939212456 
0.0097014827939212456 
0.0097014827939212456 
0.0097014827939212456 
0.0097014827939212456 
0.0097014827939212456 
0.0097014827939212456 
0.0097014827939212456 
0.0097014827939212456 
0.007582739610841327 
0.0052377651505679523 
0.0035395154011809149 
0.0023267587110937793 
0.0014762870029257913 
0.00089429446529898371 
0.00050963986850249832 
0.0002685999420133367 
0.00013079684057459851 
6.6046117065066134e-05 
5.1923772178774641e-05 
5.1923772178774641e-05 
5.1923772178774641e-05 
5.1923772178774641e-05 
5.1923772178774641e-05 
5.1923772178774641e-05 
5.1923772178774641e-05 
5.1923772178774641e-05 
5.1923772178774641e-05 
5.1923772178774641e-05 
5.1923772178774641e-05 
4.9977845315019032e-05 
2.3013188441334265e-05 
8.548352890769273e-06 
2.6986007689577818e-06 
2.6387418953222053e-06 
2.6387418953222053e-06 
2.6387418953222053e-06 
2.6387418953222053e-06 
2.6387418953222053e-06 
2.6387418953222053e-06 
2.6387418953222053e-06 
2.6387418953222053e-06 
2.6387418953222053e-06 
2.6387418953222053e-06 
2.6387418953222053e-06 
2.6387418953222053e-06 
2.6387418953222053e-06 
2.5777119968539708e-06 
2.1292610974388282e-06 
2.1292610974388282e-06 
2.1292610974388282e-06 
2.1292610974388282e-06 
2.0301024222790787e-06 
2.0301024222790787e-06 
2.0301024222790787e-06 
2.0301024222790787e-06 
2.0301024222790787e-06 
1.9065906470272509e-06 
1.6959735065213977e-06 
1.5713367622627317e-06 
1.5050824925255668e-06 
1.4776781653846882e-06 
1.47540870054641e-06 
1.47540870054641e-06 
1.3494788363432875e-06 
1.305964368203405e-06 
1.305964368203405e-06 
1.305964368203405e-06 
1.305964368203405e-06 
1.305964368203405e-06 
1.2395083035521282e-06 
1.0999923957255575e-06 
9.9101658623812483e-07 
9.053556256910511e-07 
8.3760072311367395e-07 
7.5517658271184729e-07 
5.8725234242107405e-07 
4.6236585737879921e-07 
3.6901060984639855e-07 
2.9883307306466378e-07 
2.4575866086617992e-07 
2.0536073508381492e-07 
1.7440522215306231e-07 
1.5052199842102709e-07 
1.3196774240054054e-07 
1.1745473915691917e-07 
1.0242502346269333e-07 
8.304855370067088e-08 
7.0061683787869811e-08 
6.1468956369381544e-08 
5.5879478155773654e-08 
4.9149587955099605e-08 
4.1816107687608906e-08 
3.6186343588262559e-08 
3.1832535718478994e-08 
2.8441116683985967e-08 
2.5780959589383201e-08 
2.3680659211322563e-08 
2.2012251243985759e-08 
2.0679518208943648e-08 
1.9609570633960516e-08 
1.8746762031618402e-08 
1.8048278982440991e-08 
1.7480924485724358e-08 
1.7018764619791682e-08 
1.6641393596472653e-08 
1.6332646679551033e-08 
1.6079639175714533e-08 
1.5872044012432696e-08 
1.5701541289381282e-08 
1.5561399835384293e-08 
1.5446153134313079e-08 
1.5351344972991399e-08 
1.5273336817500649e-08 
1.5209147607997409e-08 
1.5156331856225336e-08 
1.5112881057710581e-08 
1.507714264548099e-08 
1.5047755930197582e-08 
1.5023600474783905e-08 
1.5003753128794983e-08 
1.4987452168213622e-08 
1.4974069761919395e-08 
1.4963089434161247e-08 
1.495408430418621e-08 
1.4946702875384688e-08 
1.4940655268524949e-08 
1.4935704117924331e-08 
1.4931652247973659e-08 
1.4928338121222851e-08 
1.4925629510109673e-08 
1.4923416724599292e-08 
1.492161005867132e-08 
1.4920136015561525e-08 
1.4918934199137368e-08 
1.4917954649362741e-08 
1.4917156732074943e-08 
1.4916507029560933e-08 
1.4915979007490421e-08 
1.4915549351179891e-08 
1.4915200408083251e-08 
1.4914917301211972e-08 
1.4914687263001269e-08 
1.4914500856555435e-08 
1.4914349422134876e-08 
1.4914227186579865e-08 
1.4914128154686068e-08 
1.491404799658369e-08 
1.4913983159559052e-08 
1.491393075703229e-08 
1.4913888346512749e-08 
1.4913854484710498e-08 
1.4913826840157185e-08 
1.4913804635696692e-08 
1.4913786761105996e-08 
1.4913772217184373e-08 
1.491376078188722e-08 
1.491375134499151e-08 
1.4913744017519548e-08 
1.4913738022315215e-08 
1.4913733359378512e-08 
1.491372925155332e-08 
1.4913726253951154e-08 
1.49137238114605e-08 
1.4913721924081358e-08 
1.4913720258746821e-08 
1.4913719037501494e-08 
1.4913717816256167e-08 
1.491371703910005e-08 
1.491371659501084e-08 
1.4913716039899327e-08 
1.4913715373765513e-08 
1.4913715151720908e-08 
1.4913714929676303e-08 
1.4913714707631698e-08 
1.4913714596609395e-08 
1.4913714596609395e-08 
1.491371437456479e-08 
1.491371437456479e-08 
1.4913714152520186e-08 
1.4913714152520186e-08 
1.4913714152520186e-08 
1.4913714152520186e-08 
1.4913714152520186e-08 
1.4913714152520186e-08 
1.4913714152520186e-08 
1.4913714152520186e-08 
1.4913714152520186e-08 
1.4913714152520186e-08 
1.4913714152520186e-08 
1.4913714152520186e-08 
1.4913714152520186e-08 
1.4913714152520186e-08 
1.4913714152520186e-08 
1.4913714152520186e-08 
1.4913714152520186e-08 
1.4913714152520186e-08 
1.4913714152520186e-08 
1.4913714152520186e-08 
1.4913714152520186e-08 
1.4913714152520186e-08 
1.4913714152520186e-08 
1.4913714152520186e-08 
1.4913714152520186e-08 
1.4913714152520186e-08 
1.4913714152520186e-08 
1.4913714152520186e-08 
1.4913714152520186e-08 
1.4913714152520186e-08 
1.4913714152520186e-08 
1.4913714152520186e-08 
1.4913714152520186e-08 
1.4913714152520186e-08 
1.4913714152520186e-08 
1.4913714152520186e-08 
1.4913714152520186e-08 
1.4913714152520186e-08 
1.4913714152520186e-08 
1.4913714152520186e-08 
1.4913714152520186e-08 
1.4913714152520186e-08 
1.4913714152520186e-08 
1.4913714152520186e-08 
1.4913714152520186e-08 
1.4913714152520186e-08 
1.4913714152520186e-08 
1.4913714152520186e-08 
1.4913714152520186e-08 
1.4913714152520186e-08 
1.4913714152520186e-08 
1.4913714152520186e-08 
1.4913714152520186e-08 
1.4913714152520186e-08 
1.4913714152520186e-08 
1.4913714152520186e-08 
1.4913714152520186e-08 
1.4913714152520186e-08 
1.4913714152520186e-08 
1.4913714152520186e-08 
1.4913714152520186e-08 
1.4913714152520186e-08 
1.4913714152520186e-08 
1.4913714152520186e-08 
1.4913714152520186e-08 
1.4913714152520186e-08 
1.4913714152520186e-08 
1.4913714152520186e-08 
1.4913714152520186e-08 
1.4913714152520186e-08 
1.4913714152520186e-08 
1.4913714152520186e-08 
1.4913714152520186e-08 
1.4913714152520186e-08 
1.4913714152520186e-08 
1.4913714152520186e-08 
1.4913714152520186e-08 
1.4913714152520186e-08 
1.4913714152520186e-08 
1.4913714152520186e-08 
1.4913714152520186e-08 
1.4913714152520186e-08 
1.4913714152520186e-08 
1.4913714152520186e-08 
1.4913714152520186e-08 
1.4913714152520186e-08 
1.4913714152520186e-08 
1.4913714152520186e-08 
1.4913714152520186e-08 
1.4913714152520186e-08 
1.4913714152520186e-08 
1.4913714152520186e-08 
1.4913714152520186e-08 
1.4913714152520186e-08 
1.4913714152520186e-08 
1.4913714152520186e-08 
1.4913714152520186e-08 
1.4913714152520186e-08 
1.4913714152520186e-08 
1.4913714152520186e-08 
1.4913714152520186e-08 
1.4913714152520186e-08 
1.4913714152520186e-08 
1.4913714152520186e-08 
1.4913714152520186e-08 
1.4913714152520186e-08 
1.4913714152520186e-08 
1.4913714152520186e-08 
1.4913714152520186e-08 
1.4913714152520186e-08 
1.4913714152520186e-08 
1.4913714152520186e-08 
1.4913714152520186e-08 
1.4913714152520186e-08 
1.4913714152520186e-08 
1.4913714152520186e-08 
1.4913714152520186e-08 
1.4913714152520186e-08 
1.4913714152520186e-08 
1.4913714152520186e-08 
1.4913714152520186e-08 
1.4913714152520186e-08 
1.4913714152520186e-08 
1.4913714152520186e-08 
1.4913714152520186e-08 
1.4913714152520186e-08 
1.4913714152520186e-08 
1.4913714152520186e-08 
1.4913714152520186e-08 
1.4913714152520186e-08 
1.4913714152520186e-08 
1.4913714152520186e-08 
1.4913714152520186e-08 
1.4913714152520186e-08 
1.4913714152520186e-08 
1.4913714152520186e-08 
1.4913714152520186e-08 
1.4913714152520186e-08 
1.4913714152520186e-08 
1.4913714152520186e-08 
1.4913714152520186e-08 
1.4913714152520186e-08 
1.4913714152520186e-08 
1.4913714152520186e-08 
1.4913714152520186e-08 
1.4913714152520186e-08 
1.4913714152520186e-08 
1.4913714152520186e-08 
1.4913714152520186e-08 
1.4913714152520186e-08 
1.4913714152520186e-08 
1.4913714152520186e-08 
1.4913714152520186e-08 
1.4913714152520186e-08 
1.4913714152520186e-08 
1.4913714152520186e-08 
1.4913714152520186e-08 
1.4913714152520186e-08 
1.4913714152520186e-08 
1.4913714152520186e-08 
1.4913714152520186e-08 
1.4913714152520186e-08 
1.4913714152520186e-08 
1.4913714152520186e-08 
1.4913714152520186e-08 
1.4913714152520186e-08 
1.4913714152520186e-08 
1.4913714152520186e-08 
1.4913714152520186e-08 
1.4913714152520186e-08 
1.4913714152520186e-08 
1.4913714152520186e-08 
1.4913714152520186e-08 
1.4913714152520186e-08 
1.4913714152520186e-08 
1.4913714152520186e-08 
1.4913714152520186e-08 
1.4913714152520186e-08 
1.4913714152520186e-08 
1.4913714152520186e-08 
1.4913714152520186e-08 
1.4913714152520186e-08 
1.4913714152520186e-08 
1.4913714152520186e-08 
1.4913714152520186e-08 
1.4913714152520186e-08 
1.4913714152520186e-08 
1.4913714152520186e-08 
1.4913714152520186e-08 
1.4913714152520186e-08 
1.4913714152520186e-08 
1.4913714152520186e-08 
1.4913714152520186e-08 
1.4913714152520186e-08 
1.4913714152520186e-08 
1.4913714152520186e-08 
1.4913714152520186e-08 
1.4913714152520186e-08 
1.4913714152520186e-08 
1.4913714152520186e-08 
1.4913714152520186e-08 
1.4913714152520186e-08 
1.4913714152520186e-08 
1.4913714152520186e-08 
1.4913714152520186e-08 
1.4913714152520186e-08 
1.4913714152520186e-08 
1.4913714152520186e-08 
1.4913714152520186e-08 
1.4913714152520186e-08 
1.4913714152520186e-08 
1.4913714152520186e-08 
1.4913714152520186e-08 
1.4913714152520186e-08 
1.4913714152520186e-08 
1.4913714152520186e-08 
1.4913714152520186e-08 
1.4913714152520186e-08 
1.4913714152520186e-08 
1.4913714152520186e-08 
1.4913714152520186e-08 
1.4913714152520186e-08 
1.4913714152520186e-08 
1.4913714152520186e-08 
1.4913714152520186e-08 
1.4913714152520186e-08 
1.4913714152520186e-08 
1.4913714152520186e-08 
1.4913714152520186e-08 
1.4913714152520186e-08 
1.4913714152520186e-08 
1.4913714152520186e-08 
1.4913714152520186e-08 
1.4913714152520186e-08 
1.4913714152520186e-08 
1.4913714152520186e-08 
1.4913714152520186e-08 
1.4913714152520186e-08 
1.4913714152520186e-08 
1.4913714152520186e-08 
1.4913714152520186e-08 
1.4913714152520186e-08 
1.4913714152520186e-08 
1.4913714152520186e-08 
1.4913714152520186e-08 
1.4913714152520186e-08 
1.4913714152520186e-08 
1.4913714152520186e-08 
1.4913714152520186e-08 
1.4913714152520186e-08 
1.4913714152520186e-08 
1.4913714152520186e-08 
1.4913714152520186e-08 
1.4913714152520186e-08 
1.4913714152520186e-08 
1.4913714152520186e-08 
1.4913714152520186e-08 
1.4913714152520186e-08 
1.4913714152520186e-08 
1.4913714152520186e-08 
1.4913714152520186e-08 
1.4913714152520186e-08 
1.4913714152520186e-08 
1.4913714152520186e-08 
1.4913714152520186e-08 
1.4913714152520186e-08 
1.4913714152520186e-08 
1.4913714152520186e-08 
1.4913714152520186e-08 
1.4913714152520186e-08 
1.4913714152520186e-08 
1.4913714152520186e-08 
1.4913714152520186e-08 
1.4913714152520186e-08 
1.4913714152520186e-08 
1.4913714152520186e-08 
1.4913714152520186e-08 
1.4913714152520186e-08 
1.4913714152520186e-08 
1.4913714152520186e-08 
1.4913714152520186e-08 
1.4913714152520186e-08 
1.4913714152520186e-08 
1.4913714152520186e-08 
1.4913714152520186e-08 
1.4913714152520186e-08 
1.4913714152520186e-08 
1.4913714152520186e-08 
1.4913714152520186e-08 
1.4913714152520186e-08 
1.4913714152520186e-08 
1.4913714152520186e-08 
1.4913714152520186e-08 
1.4913714152520186e-08 
1.4913714152520186e-08 
1.4913714152520186e-08 
1.4913714152520186e-08 
1.4913714152520186e-08 
1.4913714152520186e-08 
1.4913714152520186e-08 
1.4913714152520186e-08 
1.4913714152520186e-08 
1.4913714152520186e-08 
1.4913714152520186e-08 
1.4913714152520186e-08 
1.4913714152520186e-08 
1.4913714152520186e-08 
1.4913714152520186e-08 
1.4913714152520186e-08 
1.4913714152520186e-08 
1.4913714152520186e-08 
1.4913714152520186e-08 
1.4913714152520186e-08 
1.4913714152520186e-08 
1.4913714152520186e-08 
1.4913714152520186e-08 
1.4913714152520186e-08 
1.4913714152520186e-08 
1.4913714152520186e-08 
1.4913714152520186e-08 
1.4913714152520186e-08 
1.4913714152520186e-08 
1.4913714152520186e-08 
1.4913714152520186e-08 
1.4913714152520186e-08 
1.4913714152520186e-08 
1.4913714152520186e-08 
1.4913714152520186e-08 
1.4913714152520186e-08 
1.4913714152520186e-08 
1.4913714152520186e-08 
1.4913714152520186e-08 
1.4913714152520186e-08 
1.4913714152520186e-08 
1.4913714152520186e-08 
1.4913714152520186e-08 
1.4913714152520186e-08 
1.4913714152520186e-08 
1.4913714152520186e-08 
1.4913714152520186e-08 
1.4913714152520186e-08 
1.4913714152520186e-08 
1.4913714152520186e-08 
1.4913714152520186e-08 
1.4913714152520186e-08 
1.4913714152520186e-08 
1.4913714152520186e-08 
1.4913714152520186e-08 
1.4913714152520186e-08 
1.4913714152520186e-08 
1.4913714152520186e-08 
1.4913714152520186e-08 
1.4913714152520186e-08 
1.4913714152520186e-08 
1.4913714152520186e-08 
1.4913714152520186e-08 
1.4913714152520186e-08 
1.4913714152520186e-08 
1.4913714152520186e-08 
1.4913714152520186e-08 
1.4913714152520186e-08 
1.4913714152520186e-08 
1.4913714152520186e-08 
1.4913714152520186e-08 
1.4913714152520186e-08 
1.4913714152520186e-08 
1.4913714152520186e-08 
1.4913714152520186e-08 
1.4913714152520186e-08 
1.4913714152520186e-08 
1.4913714152520186e-08 
1.4913714152520186e-08 
1.4913714152520186e-08 
1.4913714152520186e-08 
1.4913714152520186e-08 
1.4913714152520186e-08 
1.4913714152520186e-08 
1.4913714152520186e-08 
1.4913714152520186e-08 
1.4913714152520186e-08 
1.4913714152520186e-08 
1.4913714152520186e-08 
1.4913714152520186e-08 
1.4913714152520186e-08 
1.4913714152520186e-08 
1.4913714152520186e-08 
1.4913714152520186e-08 
1.4913714152520186e-08 
1.4913714152520186e-08 
1.4913714152520186e-08 
1.4913714152520186e-08 
1.4913714152520186e-08 
1.4913714152520186e-08 
1.4913714152520186e-08 
1.4913714152520186e-08 
1.4913714152520186e-08 
1.4913714152520186e-08 
1.4913714152520186e-08 
1.4913714152520186e-08 
1.4913714152520186e-08 
1.4913714152520186e-08 
1.4913714152520186e-08 
1.4913714152520186e-08 
1.4913714152520186e-08 
1.4913714152520186e-08 
1.4913714152520186e-08 
1.4913714152520186e-08 
1.4913714152520186e-08 
1.4913714152520186e-08 
1.4913714152520186e-08 
1.4913714152520186e-08 
1.4913714152520186e-08 
1.4913714152520186e-08 
1.4913714152520186e-08 
1.4913714152520186e-08 
1.4913714152520186e-08 
1.4913714152520186e-08 
1.4913714152520186e-08 
1.4913714152520186e-08 
1.4913714152520186e-08 
1.4913714152520186e-08 
1.4913714152520186e-08 
1.4913714152520186e-08 
1.4913714152520186e-08 
1.4913714152520186e-08 
1.4913714152520186e-08 
1.4913714152520186e-08 
1.4913714152520186e-08 
1.4913714152520186e-08 
1.4913714152520186e-08 
1.4913714152520186e-08 
1.4913714152520186e-08 
1.4913714152520186e-08 
1.4913714152520186e-08 
1.4913714152520186e-08 
1.4913714152520186e-08 
1.4913714152520186e-08 
1.4913714152520186e-08 
1.4913714152520186e-08 
1.4913714152520186e-08 
1.4913714152520186e-08 
1.4913714152520186e-08 
1.4913714152520186e-08 
1.4913714152520186e-08 
1.4913714152520186e-08 
1.4913714152520186e-08 
1.4913714152520186e-08 
1.4913714152520186e-08 
1.4913714152520186e-08 
1.4913714152520186e-08 
1.4913714152520186e-08 
1.4913714152520186e-08 
1.4913714152520186e-08 
1.4913714152520186e-08 
1.4913714152520186e-08 
1.4913714152520186e-08 
1.4913714152520186e-08 
1.4913714152520186e-08 
1.4913714152520186e-08 
1.4913714152520186e-08 
1.4913714152520186e-08 
1.4913714152520186e-08 
1.4913714152520186e-08 
1.4913714152520186e-08 
1.4913714152520186e-08 
1.4913714152520186e-08 
1.4913714152520186e-08 
1.4913714152520186e-08 
1.4913714152520186e-08 
1.4913714152520186e-08 
1.4913714152520186e-08 
1.4913714152520186e-08 
1.4913714152520186e-08 
1.4913714152520186e-08 
1.4913714152520186e-08 
1.4913714152520186e-08 
1.4913714152520186e-08 
1.4913714152520186e-08 
1.4913714152520186e-08 
1.4913714152520186e-08 
1.4913714152520186e-08 
1.4913714152520186e-08 
1.4913714152520186e-08 
1.4913714152520186e-08 
1.4913714152520186e-08 
1.4913714152520186e-08 
1.4913714152520186e-08 
1.4913714152520186e-08 
1.4913714152520186e-08 
1.4913714152520186e-08 
1.4913714152520186e-08 
1.4913714152520186e-08 
1.4913714152520186e-08 
1.4913714152520186e-08 
1.4913714152520186e-08 
1.4913714152520186e-08 
1.4913714152520186e-08 
1.4913714152520186e-08 
1.4913714152520186e-08 
1.4913714152520186e-08 
1.4913714152520186e-08 
1.4913714152520186e-08 
1.4913714152520186e-08 
1.4913714152520186e-08 
1.4913714152520186e-08 
1.4913714152520186e-08 
1.4913714152520186e-08 
1.4913714152520186e-08 
1.4913714152520186e-08 
1.4913714152520186e-08 
1.4913714152520186e-08 
1.4913714152520186e-08 
1.4913714152520186e-08 
1.4913714152520186e-08 
1.4913714152520186e-08 
1.4913714152520186e-08 
1.4913714152520186e-08 
1.4913714152520186e-08 
1.4913714152520186e-08 
1.4913714152520186e-08 
1.4913714152520186e-08 
1.4913714152520186e-08 
1.4913714152520186e-08 
1.4913714152520186e-08 
1.4913714152520186e-08 
1.4913714152520186e-08 
1.4913714152520186e-08 
1.4913714152520186e-08 
1.4913714152520186e-08 
1.4913714152520186e-08 
1.4913714152520186e-08 
1.4913714152520186e-08 
1.4913714152520186e-08 
1.4913714152520186e-08 
1.4913714152520186e-08 
1.4913714152520186e-08 
1.4913714152520186e-08 
1.4913714152520186e-08 
1.4913714152520186e-08 
1.4913714152520186e-08 
1.4913714152520186e-08 
1.4913714152520186e-08 
1.4913714152520186e-08 
1.4913714152520186e-08 
1.4913714152520186e-08 
1.4913714152520186e-08 
1.4913714152520186e-08 
1.4913714152520186e-08 
1.4913714152520186e-08 
1.4913714152520186e-08 
1.4913714152520186e-08 
1.4913714152520186e-08 
1.4913714152520186e-08 
1.4913714152520186e-08 
1.4913714152520186e-08 
1.4913714152520186e-08 
1.4913714152520186e-08 
1.4913714152520186e-08 
1.4913714152520186e-08 
1.4913714152520186e-08 
1.4913714152520186e-08 
1.4913714152520186e-08 
1.4913714152520186e-08 
1.4913714152520186e-08 
1.4913714152520186e-08 
1.4913714152520186e-08 
1.4913714152520186e-08 
1.4913714152520186e-08 
1.4913714152520186e-08 
1.4913714152520186e-08 
1.4913714152520186e-08 
1.4913714152520186e-08 
1.4913714152520186e-08 
1.4913714152520186e-08 
1.4913714152520186e-08 
1.4913714152520186e-08 
1.4913714152520186e-08 
1.4913714152520186e-08 
1.4913714152520186e-08 
1.4913714152520186e-08 
1.4913714152520186e-08 
1.4913714152520186e-08 
1.4913714152520186e-08 
1.4913714152520186e-08 
1.4913714152520186e-08 
1.4913714152520186e-08 
1.4913714152520186e-08 
1.4913714152520186e-08 
1.4913714152520186e-08 
1.4913714152520186e-08 
1.4913714152520186e-08 
1.4913714152520186e-08 
1.4913714152520186e-08 
1.4913714152520186e-08 
1.4913714152520186e-08 
1.4913714152520186e-08 
1.4913714152520186e-08 
1.4913714152520186e-08 
1.4913714152520186e-08 
1.4913714152520186e-08 
1.4913714152520186e-08 
1.4913714152520186e-08 
1.4913714152520186e-08 
1.4913714152520186e-08 
1.4913714152520186e-08 
1.4913714152520186e-08 
1.4913714152520186e-08 
1.4913714152520186e-08 
1.4913714152520186e-08 
1.4913714152520186e-08 
1.4913714152520186e-08 
1.4913714152520186e-08 
1.4913714152520186e-08 
1.4913714152520186e-08 
1.4913714152520186e-08 
1.4913714152520186e-08 
1.4913714152520186e-08 
1.4913714152520186e-08 
1.4913714152520186e-08 
1.4913714152520186e-08 
1.4913714152520186e-08 
1.4913714152520186e-08 
1.4913714152520186e-08 
1.4913714152520186e-08 
1.4913714152520186e-08 
1.4913714152520186e-08 
1.4913714152520186e-08 
1.4913714152520186e-08 
1.4913714152520186e-08 
1.4913714152520186e-08 
1.4913714152520186e-08 
1.4913714152520186e-08 
1.4913714152520186e-08 
1.4913714152520186e-08 
1.4913714152520186e-08 
1.4913714152520186e-08 
1.4913714152520186e-08 
1.4913714152520186e-08 
1.4913714152520186e-08 
1.4913714152520186e-08 
1.4913714152520186e-08 
1.4913714152520186e-08 
1.4913714152520186e-08 
1.4913714152520186e-08 
1.4913714152520186e-08 
1.4913714152520186e-08 
1.4913714152520186e-08 
1.4913714152520186e-08 
1.4913714152520186e-08 
1.4913714152520186e-08 
1.4913714152520186e-08 
1.4913714152520186e-08 
1.4913714152520186e-08 
1.4913714152520186e-08 
1.4913714152520186e-08 
1.4913714152520186e-08 
1.4913714152520186e-08 
1.4913714152520186e-08 
1.4913714152520186e-08 
1.4913714152520186e-08 
1.4913714152520186e-08 
1.4913714152520186e-08 
1.4913714152520186e-08 
1.4913714152520186e-08 
1.4913714152520186e-08 
1.4913714152520186e-08 
1.4913714152520186e-08 
1.4913714152520186e-08 
1.4913714152520186e-08 
1.4913714152520186e-08 
1.4913714152520186e-08 
1.4913714152520186e-08 
1.4913714152520186e-08 
1.4913714152520186e-08 
1.4913714152520186e-08 
1.4913714152520186e-08 
1.4913714152520186e-08 
1.4913714152520186e-08 
1.4913714152520186e-08 
1.4913714152520186e-08 
1.4913714152520186e-08 
1.4913714152520186e-08 
1.4913714152520186e-08 
1.4913714152520186e-08 
1.4913714152520186e-08 
1.4913714152520186e-08 
1.4913714152520186e-08 
1.4913714152520186e-08 
1.4913714152520186e-08 
1.4913714152520186e-08 
1.4913714152520186e-08 
1.4913714152520186e-08 
1.4913714152520186e-08 
1.4913714152520186e-08 
1.4913714152520186e-08 
1.4913714152520186e-08 
1.4913714152520186e-08 
1.4913714152520186e-08 
1.4913714152520186e-08 
1.4913714152520186e-08 
1.4913714152520186e-08 
1.4913714152520186e-08 
1.4913714152520186e-08 
1.4913714152520186e-08 
1.4913714152520186e-08 
1.4913714152520186e-08 
1.4913714152520186e-08 
1.4913714152520186e-08 
1.4913714152520186e-08 
1.4913714152520186e-08 
1.4913714152520186e-08 
1.4913714152520186e-08 
1.4913714152520186e-08 
1.4913714152520186e-08 
1.4913714152520186e-08 
1.4913714152520186e-08 
1.4913714152520186e-08 
1.4913714152520186e-08 
1.4913714152520186e-08 
1.4913714152520186e-08 
1.4913714152520186e-08 
1.4913714152520186e-08 
1.4913714152520186e-08 
1.4913714152520186e-08 
1.4913714152520186e-08 
1.4913714152520186e-08 
1.4913714152520186e-08 
1.4913714152520186e-08 
1.4913714152520186e-08 
1.4913714152520186e-08 
1.4913714152520186e-08 
1.4913714152520186e-08 
1.4913714152520186e-08 
1.4913714152520186e-08 
1.4913714152520186e-08 
1.4913714152520186e-08 
1.4913714152520186e-08 
1.4913714152520186e-08 
1.4913714152520186e-08 
1.4913714152520186e-08 
1.4913714152520186e-08 
1.4913714152520186e-08 
1.4913714152520186e-08 
1.4913714152520186e-08 
1.4913714152520186e-08 
1.4913714152520186e-08 
1.4913714152520186e-08 
1.4913714152520186e-08 
1.4913714152520186e-08 
1.4913714152520186e-08 
1.4913714152520186e-08 
1.4913714152520186e-08 
1.4913714152520186e-08 
1.4913714152520186e-08 
1.4913714152520186e-08 
1.4913714152520186e-08 
1.4913714152520186e-08 
1.4913714152520186e-08 
1.4913714152520186e-08 
1.4913714152520186e-08 
1.4913714152520186e-08 
1.4913714152520186e-08 
1.4913714152520186e-08 
1.4913714152520186e-08 
1.4913714152520186e-08 
1.4913714152520186e-08 
1.4913714152520186e-08 
1.4913714152520186e-08 
1.4913714152520186e-08 
1.4913714152520186e-08 
1.4913714152520186e-08 
1.4913714152520186e-08 
1.4913714152520186e-08 
1.4913714152520186e-08 
1.4913714152520186e-08 
1.4913714152520186e-08 
1.4913714152520186e-08 
1.4913714152520186e-08 
1.4913714152520186e-08 
1.4913714152520186e-08 
1.4913714152520186e-08 
1.4913714152520186e-08 
1.4913714152520186e-08 
1.4913714152520186e-08 
1.4913714152520186e-08 
1.4913714152520186e-08 
