0.83445177407964677 
0.80976580209733096 
0.783258947736855 
0.73654058831964331 
0.67046453695080455 
0.60709079053153459 
0.54806394248288648 
0.42702674634668736 
0.29498237646368619 
0.18756959977036791 
0.10617665499627149 
0.051858249595286177 
0.025321175232232096 
0.00314576158233415 
0.00314576158233415 
0.00314576158233415 
0.00314576158233415 
0.00314576158233415 
0.00314576158233415 
0.00314576158233415 
0.00314576158233415 
0.00314576158233415 
0.00314576158233415 
0.00314576158233415 
0.00314576158233415 
0.00314576158233415 
0.00314576158233415 
0.00314576158233415 
0.00314576158233415 
0.00314576158233415 
0.00314576158233415 
0.00314576158233415 
0.00314576158233415 
0.00314576158233415 
0.00314576158233415 
0.00314576158233415 
0.00314576158233415 
0.00314576158233415 
0.00314576158233415 
0.00314576158233415 
0.00314576158233415 
0.00314576158233415 
0.00314576158233415 
0.00055635247788488051 
0.00055635247788488051 
0.00055635247788488051 
0.00055635247788488051 
0.00055635247788488051 
0.00055635247788488051 
0.00055635247788488051 
0.00055635247788488051 
0.00055635247788488051 
0.00055635247788488051 
0.00055635247788488051 
0.00055635247788488051 
0.00055635247788488051 
0.00055635247788488051 
0.00055635247788488051 
0.00055635247788488051 
0.00055635247788488051 
0.00055635247788488051 
0.00055635247788488051 
0.00055635247788488051 
0.00055635247788488051 
0.00055635247788488051 
0.00055635247788488051 
0.00055635247788488051 
0.00055635247788488051 
0.00055635247788488051 
0.00055635247788488051 
0.00055635247788488051 
0.00055635247788488051 
0.00055635247788488051 
0.00055635247788488051 
0.00055635247788488051 
0.00055635247788488051 
0.00055635247788488051 
0.00055635247788488051 
0.00055635247788488051 
0.00055635247788488051 
0.00055635247788488051 
0.00055635247788488051 
0.00055635247788488051 
0.00055635247788488051 
0.00055635247788488051 
0.00055635247788488051 
0.00055635247788488051 
0.00055635247788488051 
0.00055635247788488051 
0.00055635247788488051 
0.00055635247788488051 
0.00055635247788488051 
0.00055635247788488051 
0.00055635247788488051 
0.00055635247788488051 
0.00055635247788488051 
0.00055635247788488051 
0.00055635247788488051 
0.00055635247788488051 
0.00055635247788488051 
0.00055635247788488051 
0.00055635247788488051 
0.00055635247788488051 
0.00055635247788488051 
0.00055635247788488051 
0.00055635247788488051 
0.00055635247788488051 
0.00055635247788488051 
0.00055635247788488051 
0.00055635247788488051 
0.00055635247788488051 
0.00055635247788488051 
0.00055635247788488051 
0.00055635247788488051 
0.00055635247788488051 
0.00055635247788488051 
0.00055635247788488051 
0.00055635247788488051 
0.00055635247788488051 
0.00055635247788488051 
0.00055635247788488051 
0.00055635247788488051 
0.00055635247788488051 
0.00055635247788488051 
0.00055635247788488051 
0.00055635247788488051 
0.00055635247788488051 
0.00055635247788488051 
0.00055635247788488051 
0.00055635247788488051 
0.00055635247788488051 
0.00055635247788488051 
0.00055635247788488051 
0.00055635247788488051 
0.00055635247788488051 
0.00055635247788488051 
0.00055635247788488051 
0.00055635247788488051 
0.00055635247788488051 
0.00055635247788488051 
0.00055635247788488051 
0.00052470805204496429 
0.00052470805204496429 
0.00052470805204496429 
0.00052470805204496429 
0.00052470805204496429 
0.00052470805204496429 
0.00052470805204496429 
0.00052470805204496429 
0.00052470805204496429 
0.00052470805204496429 
0.00052470805204496429 
0.00052470805204496429 
0.00045046210243737672 
0.00045046210243737672 
0.00045046210243737672 
0.00045046210243737672 
0.00045046210243737672 
0.00020412946530190546 
0.00020412946530190546 
0.00020412946530190546 
0.00020412946530190546 
0.00020412946530190546 
0.00020412946530190546 
0.00020412946530190546 
0.00020412946530190546 
0.00020412946530190546 
0.00020412946530190546 
0.00020412946530190546 
0.00020412946530190546 
0.00020412946530190546 
0.00020412946530190546 
0.00020412946530190546 
0.00020412946530190546 
0.00020412946530190546 
0.00020412946530190546 
0.00020412946530190546 
0.00020412946530190546 
0.00020412946530190546 
8.2134105373277144e-05 
8.2134105373277144e-05 
8.2134105373277144e-05 
8.2134105373277144e-05 
8.2134105373277144e-05 
8.2134105373277144e-05 
8.2134105373277144e-05 
8.2134105373277144e-05 
8.2134105373277144e-05 
8.2134105373277144e-05 
8.2134105373277144e-05 
8.2134105373277144e-05 
8.2134105373277144e-05 
8.2134105373277144e-05 
8.2134105373277144e-05 
8.2134105373277144e-05 
8.2134105373277144e-05 
8.2134105373277144e-05 
8.2134105373277144e-05 
8.2134105373277144e-05 
8.2134105373277144e-05 
8.2134105373277144e-05 
8.2134105373277144e-05 
8.2134105373277144e-05 
8.2134105373277144e-05 
8.2134105373277144e-05 
8.2134105373277144e-05 
8.2134105373277144e-05 
8.2134105373277144e-05 
8.2134105373277144e-05 
8.2134105373277144e-05 
8.2134105373277144e-05 
8.2134105373277144e-05 
8.2134105373277144e-05 
8.2134105373277144e-05 
8.2134105373277144e-05 
8.2134105373277144e-05 
8.2134105373277144e-05 
8.2134105373277144e-05 
8.2134105373277144e-05 
8.2134105373277144e-05 
8.2134105373277144e-05 
8.2134105373277144e-05 
8.2134105373277144e-05 
8.2134105373277144e-05 
8.2134105373277144e-05 
8.2134105373277144e-05 
8.2134105373277144e-05 
8.2134105373277144e-05 
8.2134105373277144e-05 
8.2134105373277144e-05 
8.2134105373277144e-05 
8.2134105373277144e-05 
8.2134105373277144e-05 
8.2134105373277144e-05 
8.2134105373277144e-05 
8.2134105373277144e-05 
8.2134105373277144e-05 
8.2134105373277144e-05 
8.2134105373277144e-05 
8.2134105373277144e-05 
8.2134105373277144e-05 
8.2134105373277144e-05 
8.2134105373277144e-05 
3.8025595591961725e-05 
3.8025595591961725e-05 
3.8025595591961725e-05 
3.8025595591961725e-05 
3.8025595591961725e-05 
3.8025595591961725e-05 
3.8025595591961725e-05 
3.8025595591961725e-05 
3.8025595591961725e-05 
3.8025595591961725e-05 
3.8025595591961725e-05 
3.8025595591961725e-05 
3.8025595591961725e-05 
3.8025595591961725e-05 
3.8025595591961725e-05 
3.8025595591961725e-05 
3.8025595591961725e-05 
3.8025595591961725e-05 
3.8025595591961725e-05 
3.8025595591961725e-05 
3.8025595591961725e-05 
3.8025595591961725e-05 
3.8025595591961725e-05 
3.8025595591961725e-05 
3.8025595591961725e-05 
3.8025595591961725e-05 
3.8025595591961725e-05 
3.8025595591961725e-05 
3.8025595591961725e-05 
3.8025595591961725e-05 
3.8025595591961725e-05 
3.8025595591961725e-05 
3.8025595591961725e-05 
3.8025595591961725e-05 
3.8025595591961725e-05 
3.8025595591961725e-05 
3.8025595591961725e-05 
3.8025595591961725e-05 
3.8025595591961725e-05 
3.8025595591961725e-05 
3.8025595591961725e-05 
3.8025595591961725e-05 
3.8025595591961725e-05 
1.3231804557922722e-05 
1.3231804557922722e-05 
1.3231804557922722e-05 
1.3231804557922722e-05 
1.3231804557922722e-05 
1.3231804557922722e-05 
1.3231804557922722e-05 
1.3231804557922722e-05 
1.3231804557922722e-05 
1.3231804557922722e-05 
1.3231804557922722e-05 
1.3231804557922722e-05 
1.3231804557922722e-05 
1.3231804557922722e-05 
1.3231804557922722e-05 
1.3231804557922722e-05 
1.3231804557922722e-05 
1.3231804557922722e-05 
1.3231804557922722e-05 
1.3231804557922722e-05 
1.3231804557922722e-05 
1.3231804557922722e-05 
1.3231804557922722e-05 
1.3231804557922722e-05 
1.3231804557922722e-05 
1.3231804557922722e-05 
1.3231804557922722e-05 
1.3231804557922722e-05 
1.3231804557922722e-05 
1.3231804557922722e-05 
1.3231804557922722e-05 
1.3231804557922722e-05 
1.3231804557922722e-05 
1.3231804557922722e-05 
1.3231804557922722e-05 
1.3231804557922722e-05 
1.3231804557922722e-05 
1.3231804557922722e-05 
1.3231804557922722e-05 
1.3231804557922722e-05 
1.3231804557922722e-05 
1.3231804557922722e-05 
1.3231804557922722e-05 
1.3231804557922722e-05 
1.3231804557922722e-05 
1.3231804557922722e-05 
1.3231804557922722e-05 
1.3231804557922722e-05 
1.3231804557922722e-05 
1.3231804557922722e-05 
1.3231804557922722e-05 
1.3231804557922722e-05 
1.3231804557922722e-05 
1.3231804557922722e-05 
1.3231804557922722e-05 
1.3231804557922722e-05 
1.3231804557922722e-05 
1.3231804557922722e-05 
1.3231804557922722e-05 
1.3231804557922722e-05 
1.3231804557922722e-05 
1.3231804557922722e-05 
1.3231804557922722e-05 
1.3231804557922722e-05 
1.3231804557922722e-05 
1.3231804557922722e-05 
1.3231804557922722e-05 
1.3231804557922722e-05 
1.3231804557922722e-05 
1.3231804557922722e-05 
1.3231804557922722e-05 
1.3231804557922722e-05 
1.3231804557922722e-05 
1.3231804557922722e-05 
1.3231804557922722e-05 
1.3231804557922722e-05 
1.3231804557922722e-05 
1.3231804557922722e-05 
1.3231804557922722e-05 
1.3231804557922722e-05 
1.3231804557922722e-05 
1.3231804557922722e-05 
1.3231804557922722e-05 
1.3231804557922722e-05 
1.3231804557922722e-05 
1.3231804557922722e-05 
1.3231804557922722e-05 
1.3231804557922722e-05 
1.3231804557922722e-05 
1.3231804557922722e-05 
1.3231804557922722e-05 
1.3231804557922722e-05 
1.3231804557922722e-05 
1.3231804557922722e-05 
1.3231804557922722e-05 
1.3231804557922722e-05 
1.3231804557922722e-05 
1.3231804557922722e-05 
1.3231804557922722e-05 
1.3231804557922722e-05 
1.3231804557922722e-05 
1.3231804557922722e-05 
1.3231804557922722e-05 
1.3231804557922722e-05 
1.3231804557922722e-05 
1.3231804557922722e-05 
1.3231804557922722e-05 
1.3231804557922722e-05 
1.3231804557922722e-05 
1.3231804557922722e-05 
1.3231804557922722e-05 
1.3231804557922722e-05 
1.3231804557922722e-05 
1.3231804557922722e-05 
1.3231804557922722e-05 
1.3231804557922722e-05 
1.3231804557922722e-05 
1.3231804557922722e-05 
1.3231804557922722e-05 
1.3231804557922722e-05 
1.3231804557922722e-05 
1.3231804557922722e-05 
1.3231804557922722e-05 
1.3231804557922722e-05 
1.3231804557922722e-05 
1.3231804557922722e-05 
3.5163282431360798e-06 
3.5163282431360798e-06 
3.5163282431360798e-06 
3.5163282431360798e-06 
3.5163282431360798e-06 
3.5163282431360798e-06 
3.5163282431360798e-06 
3.5163282431360798e-06 
3.5163282431360798e-06 
3.5163282431360798e-06 
3.5163282431360798e-06 
3.5163282431360798e-06 
3.5163282431360798e-06 
3.5163282431360798e-06 
3.5163282431360798e-06 
3.5163282431360798e-06 
3.5163282431360798e-06 
3.5163282431360798e-06 
3.5163282431360798e-06 
3.5163282431360798e-06 
3.5163282431360798e-06 
3.5163282431360798e-06 
3.5163282431360798e-06 
2.6205085092989577e-06 
2.6205085092989577e-06 
2.6205085092989577e-06 
2.6205085092989577e-06 
2.6205085092989577e-06 
2.6205085092989577e-06 
2.6205085092989577e-06 
2.6205085092989577e-06 
2.6205085092989577e-06 
2.6205085092989577e-06 
2.6205085092989577e-06 
2.6205085092989577e-06 
2.6205085092989577e-06 
2.6205085092989577e-06 
2.6205085092989577e-06 
2.6205085092989577e-06 
2.6205085092989577e-06 
2.6205085092989577e-06 
2.6205085092989577e-06 
2.6205085092989577e-06 
2.6205085092989577e-06 
2.6205085092989577e-06 
2.6205085092989577e-06 
2.6205085092989577e-06 
2.6205085092989577e-06 
2.6205085092989577e-06 
2.6205085092989577e-06 
2.6205085092989577e-06 
2.6205085092989577e-06 
2.6205085092989577e-06 
2.6205085092989577e-06 
2.6205085092989577e-06 
2.6205085092989577e-06 
2.6205085092989577e-06 
2.6205085092989577e-06 
2.6205085092989577e-06 
2.6205085092989577e-06 
2.6205085092989577e-06 
2.6205085092989577e-06 
2.6205085092989577e-06 
2.6205085092989577e-06 
2.6205085092989577e-06 
2.6205085092989577e-06 
2.6205085092989577e-06 
2.6205085092989577e-06 
2.6205085092989577e-06 
2.6205085092989577e-06 
2.6205085092989577e-06 
2.6205085092989577e-06 
2.6205085092989577e-06 
2.6205085092989577e-06 
2.6205085092989577e-06 
2.6205085092989577e-06 
2.6205085092989577e-06 
2.6205085092989577e-06 
2.6205085092989577e-06 
2.6205085092989577e-06 
2.6205085092989577e-06 
2.6205085092989577e-06 
2.6205085092989577e-06 
2.6205085092989577e-06 
2.6205085092989577e-06 
2.6205085092989577e-06 
2.6205085092989577e-06 
2.6205085092989577e-06 
2.6205085092989577e-06 
2.6205085092989577e-06 
2.6205085092989577e-06 
2.6205085092989577e-06 
2.6205085092989577e-06 
2.6205085092989577e-06 
2.6205085092989577e-06 
2.6205085092989577e-06 
2.6205085092989577e-06 
2.6205085092989577e-06 
2.6205085092989577e-06 
2.6205085092989577e-06 
2.6205085092989577e-06 
2.6205085092989577e-06 
2.6205085092989577e-06 
2.6205085092989577e-06 
2.6205085092989577e-06 
2.6205085092989577e-06 
2.6205085092989577e-06 
2.6205085092989577e-06 
2.6205085092989577e-06 
2.6205085092989577e-06 
2.6205085092989577e-06 
2.6205085092989577e-06 
2.6205085092989577e-06 
2.6205085092989577e-06 
2.6205085092989577e-06 
2.6205085092989577e-06 
2.6205085092989577e-06 
2.6205085092989577e-06 
2.6205085092989577e-06 
2.6205085092989577e-06 
2.6205085092989577e-06 
2.6205085092989577e-06 
2.6205085092989577e-06 
2.6205085092989577e-06 
2.6205085092989577e-06 
2.6205085092989577e-06 
2.6205085092989577e-06 
2.6205085092989577e-06 
2.6205085092989577e-06 
2.6205085092989577e-06 
2.6205085092989577e-06 
2.6205085092989577e-06 
2.6205085092989577e-06 
2.6205085092989577e-06 
2.6205085092989577e-06 
2.6205085092989577e-06 
2.6205085092989577e-06 
2.6205085092989577e-06 
2.6205085092989577e-06 
2.6205085092989577e-06 
2.6205085092989577e-06 
2.6205085092989577e-06 
2.6205085092989577e-06 
2.6205085092989577e-06 
2.6205085092989577e-06 
2.6205085092989577e-06 
2.6205085092989577e-06 
2.6205085092989577e-06 
2.6205085092989577e-06 
2.6205085092989577e-06 
2.6205085092989577e-06 
2.6205085092989577e-06 
2.6205085092989577e-06 
2.6205085092989577e-06 
2.6205085092989577e-06 
2.6205085092989577e-06 
2.6205085092989577e-06 
2.6205085092989577e-06 
2.6205085092989577e-06 
2.6205085092989577e-06 
2.6205085092989577e-06 
2.6205085092989577e-06 
2.6205085092989577e-06 
2.6205085092989577e-06 
2.6205085092989577e-06 
2.6205085092989577e-06 
2.6205085092989577e-06 
2.6205085092989577e-06 
2.6205085092989577e-06 
2.6205085092989577e-06 
2.6205085092989577e-06 
2.6205085092989577e-06 
2.6205085092989577e-06 
2.6205085092989577e-06 
2.6205085092989577e-06 
2.6205085092989577e-06 
2.6205085092989577e-06 
2.6205085092989577e-06 
2.6205085092989577e-06 
2.6205085092989577e-06 
2.6205085092989577e-06 
2.6205085092989577e-06 
2.6205085092989577e-06 
2.6205085092989577e-06 
2.6205085092989577e-06 
2.6205085092989577e-06 
2.6205085092989577e-06 
2.6205085092989577e-06 
2.6205085092989577e-06 
2.6205085092989577e-06 
2.6205085092989577e-06 
2.6205085092989577e-06 
2.6205085092989577e-06 
2.6205085092989577e-06 
2.6205085092989577e-06 
2.6205085092989577e-06 
2.6205085092989577e-06 
2.6205085092989577e-06 
2.6205085092989577e-06 
2.6205085092989577e-06 
2.6205085092989577e-06 
2.6205085092989577e-06 
2.6205085092989577e-06 
2.6205085092989577e-06 
2.6205085092989577e-06 
2.6205085092989577e-06 
2.6205085092989577e-06 
2.6205085092989577e-06 
2.6205085092989577e-06 
2.6205085092989577e-06 
2.6205085092989577e-06 
2.6205085092989577e-06 
2.6205085092989577e-06 
2.6205085092989577e-06 
2.6205085092989577e-06 
2.6205085092989577e-06 
2.6205085092989577e-06 
2.6205085092989577e-06 
2.6205085092989577e-06 
2.6205085092989577e-06 
2.6205085092989577e-06 
2.6205085092989577e-06 
2.6205085092989577e-06 
2.6205085092989577e-06 
2.6205085092989577e-06 
2.6205085092989577e-06 
2.6205085092989577e-06 
2.6205085092989577e-06 
2.6205085092989577e-06 
2.6205085092989577e-06 
2.6205085092989577e-06 
2.6205085092989577e-06 
2.6205085092989577e-06 
2.6205085092989577e-06 
2.6205085092989577e-06 
2.6205085092989577e-06 
2.6205085092989577e-06 
2.6205085092989577e-06 
2.6205085092989577e-06 
2.6205085092989577e-06 
2.6205085092989577e-06 
2.6205085092989577e-06 
2.6205085092989577e-06 
2.6205085092989577e-06 
2.6205085092989577e-06 
2.6205085092989577e-06 
2.6205085092989577e-06 
2.6205085092989577e-06 
2.6205085092989577e-06 
2.6205085092989577e-06 
2.6205085092989577e-06 
2.6205085092989577e-06 
2.6205085092989577e-06 
2.6205085092989577e-06 
2.6205085092989577e-06 
2.6205085092989577e-06 
2.6205085092989577e-06 
2.6205085092989577e-06 
2.6205085092989577e-06 
2.6205085092989577e-06 
2.6205085092989577e-06 
2.6205085092989577e-06 
2.6205085092989577e-06 
2.6205085092989577e-06 
2.6205085092989577e-06 
2.6205085092989577e-06 
2.6205085092989577e-06 
2.6205085092989577e-06 
2.6205085092989577e-06 
2.6205085092989577e-06 
2.6205085092989577e-06 
2.6205085092989577e-06 
2.6205085092989577e-06 
2.6205085092989577e-06 
2.6205085092989577e-06 
2.6205085092989577e-06 
2.6205085092989577e-06 
2.6205085092989577e-06 
2.6205085092989577e-06 
2.6205085092989577e-06 
2.6205085092989577e-06 
2.6205085092989577e-06 
2.6205085092989577e-06 
2.6205085092989577e-06 
2.6205085092989577e-06 
2.6205085092989577e-06 
2.6205085092989577e-06 
2.6205085092989577e-06 
2.6205085092989577e-06 
2.6205085092989577e-06 
2.6205085092989577e-06 
2.6205085092989577e-06 
2.6205085092989577e-06 
2.6205085092989577e-06 
2.6205085092989577e-06 
2.6205085092989577e-06 
2.6205085092989577e-06 
2.6205085092989577e-06 
2.6205085092989577e-06 
2.6205085092989577e-06 
2.6205085092989577e-06 
2.6205085092989577e-06 
2.6205085092989577e-06 
2.6205085092989577e-06 
2.6205085092989577e-06 
2.6205085092989577e-06 
2.6205085092989577e-06 
2.6205085092989577e-06 
2.6205085092989577e-06 
2.6205085092989577e-06 
2.6205085092989577e-06 
2.6205085092989577e-06 
2.6205085092989577e-06 
2.6205085092989577e-06 
2.6205085092989577e-06 
2.6205085092989577e-06 
2.6205085092989577e-06 
2.6205085092989577e-06 
2.6205085092989577e-06 
2.6205085092989577e-06 
2.6205085092989577e-06 
2.6205085092989577e-06 
2.6205085092989577e-06 
2.6205085092989577e-06 
2.6205085092989577e-06 
2.6205085092989577e-06 
2.6205085092989577e-06 
2.6205085092989577e-06 
2.6205085092989577e-06 
2.6205085092989577e-06 
2.6205085092989577e-06 
2.6205085092989577e-06 
2.6205085092989577e-06 
2.6205085092989577e-06 
2.6205085092989577e-06 
2.6205085092989577e-06 
2.6205085092989577e-06 
2.6205085092989577e-06 
2.6205085092989577e-06 
2.6205085092989577e-06 
2.6205085092989577e-06 
2.6205085092989577e-06 
2.6205085092989577e-06 
2.6205085092989577e-06 
2.6205085092989577e-06 
2.6205085092989577e-06 
2.6205085092989577e-06 
2.6205085092989577e-06 
2.6205085092989577e-06 
2.6205085092989577e-06 
2.6205085092989577e-06 
2.6205085092989577e-06 
2.6205085092989577e-06 
2.6205085092989577e-06 
2.6205085092989577e-06 
2.6205085092989577e-06 
2.6205085092989577e-06 
2.6205085092989577e-06 
2.6205085092989577e-06 
2.6205085092989577e-06 
2.6205085092989577e-06 
2.6205085092989577e-06 
2.6205085092989577e-06 
2.6205085092989577e-06 
2.6205085092989577e-06 
2.6205085092989577e-06 
2.6205085092989577e-06 
2.6205085092989577e-06 
2.6205085092989577e-06 
2.6205085092989577e-06 
2.6205085092989577e-06 
5.300782781603175e-07 
5.300782781603175e-07 
5.300782781603175e-07 
5.300782781603175e-07 
5.300782781603175e-07 
5.300782781603175e-07 
5.300782781603175e-07 
5.300782781603175e-07 
5.300782781603175e-07 
5.300782781603175e-07 
5.300782781603175e-07 
5.300782781603175e-07 
5.300782781603175e-07 
5.300782781603175e-07 
5.300782781603175e-07 
5.300782781603175e-07 
5.300782781603175e-07 
5.300782781603175e-07 
5.300782781603175e-07 
5.300782781603175e-07 
5.300782781603175e-07 
5.300782781603175e-07 
5.300782781603175e-07 
5.300782781603175e-07 
5.300782781603175e-07 
5.300782781603175e-07 
5.300782781603175e-07 
5.300782781603175e-07 
5.300782781603175e-07 
5.300782781603175e-07 
5.300782781603175e-07 
5.300782781603175e-07 
5.300782781603175e-07 
5.300782781603175e-07 
5.300782781603175e-07 
5.300782781603175e-07 
5.300782781603175e-07 
5.300782781603175e-07 
5.300782781603175e-07 
5.300782781603175e-07 
5.300782781603175e-07 
5.300782781603175e-07 
5.300782781603175e-07 
5.300782781603175e-07 
5.300782781603175e-07 
5.300782781603175e-07 
5.300782781603175e-07 
5.300782781603175e-07 
5.300782781603175e-07 
5.300782781603175e-07 
5.300782781603175e-07 
5.300782781603175e-07 
5.300782781603175e-07 
5.300782781603175e-07 
5.300782781603175e-07 
5.300782781603175e-07 
5.300782781603175e-07 
5.300782781603175e-07 
5.300782781603175e-07 
5.300782781603175e-07 
5.300782781603175e-07 
5.300782781603175e-07 
5.300782781603175e-07 
5.300782781603175e-07 
5.300782781603175e-07 
5.300782781603175e-07 
5.300782781603175e-07 
5.300782781603175e-07 
5.300782781603175e-07 
5.300782781603175e-07 
5.300782781603175e-07 
5.300782781603175e-07 
5.300782781603175e-07 
5.300782781603175e-07 
5.300782781603175e-07 
5.300782781603175e-07 
5.300782781603175e-07 
5.300782781603175e-07 
5.300782781603175e-07 
5.300782781603175e-07 
5.300782781603175e-07 
5.300782781603175e-07 
5.300782781603175e-07 
5.300782781603175e-07 
5.300782781603175e-07 
5.300782781603175e-07 
5.300782781603175e-07 
5.300782781603175e-07 
5.300782781603175e-07 
5.300782781603175e-07 
5.300782781603175e-07 
5.300782781603175e-07 
5.300782781603175e-07 
5.300782781603175e-07 
5.300782781603175e-07 
5.300782781603175e-07 
5.300782781603175e-07 
5.300782781603175e-07 
5.300782781603175e-07 
5.300782781603175e-07 
5.300782781603175e-07 
5.300782781603175e-07 
5.300782781603175e-07 
5.300782781603175e-07 
5.300782781603175e-07 
5.300782781603175e-07 
5.300782781603175e-07 
5.300782781603175e-07 
5.300782781603175e-07 
5.300782781603175e-07 
5.300782781603175e-07 
5.300782781603175e-07 
5.300782781603175e-07 
5.300782781603175e-07 
5.300782781603175e-07 
5.300782781603175e-07 
5.300782781603175e-07 
5.300782781603175e-07 
5.300782781603175e-07 
5.300782781603175e-07 
5.300782781603175e-07 
5.300782781603175e-07 
5.300782781603175e-07 
5.300782781603175e-07 
5.300782781603175e-07 
5.300782781603175e-07 
5.300782781603175e-07 
5.300782781603175e-07 
5.300782781603175e-07 
5.300782781603175e-07 
5.300782781603175e-07 
5.300782781603175e-07 
5.300782781603175e-07 
5.300782781603175e-07 
5.300782781603175e-07 
5.300782781603175e-07 
5.300782781603175e-07 
5.300782781603175e-07 
5.300782781603175e-07 
5.300782781603175e-07 
5.300782781603175e-07 
5.300782781603175e-07 
5.300782781603175e-07 
5.300782781603175e-07 
5.300782781603175e-07 
5.300782781603175e-07 
5.300782781603175e-07 
5.300782781603175e-07 
5.300782781603175e-07 
5.300782781603175e-07 
5.300782781603175e-07 
5.300782781603175e-07 
5.300782781603175e-07 
5.300782781603175e-07 
5.300782781603175e-07 
5.300782781603175e-07 
5.300782781603175e-07 
5.300782781603175e-07 
5.300782781603175e-07 
5.300782781603175e-07 
5.300782781603175e-07 
5.300782781603175e-07 
5.300782781603175e-07 
5.300782781603175e-07 
5.300782781603175e-07 
5.300782781603175e-07 
5.300782781603175e-07 
5.300782781603175e-07 
5.300782781603175e-07 
5.300782781603175e-07 
5.300782781603175e-07 
5.300782781603175e-07 
5.300782781603175e-07 
5.300782781603175e-07 
5.300782781603175e-07 
5.300782781603175e-07 
5.300782781603175e-07 
5.300782781603175e-07 
5.300782781603175e-07 
5.300782781603175e-07 
5.300782781603175e-07 
5.300782781603175e-07 
5.300782781603175e-07 
5.300782781603175e-07 
5.300782781603175e-07 
5.300782781603175e-07 
5.300782781603175e-07 
5.300782781603175e-07 
5.300782781603175e-07 
5.300782781603175e-07 
5.300782781603175e-07 
5.300782781603175e-07 
5.300782781603175e-07 
5.300782781603175e-07 
5.300782781603175e-07 
5.300782781603175e-07 
5.300782781603175e-07 
5.300782781603175e-07 
5.300782781603175e-07 
5.300782781603175e-07 
5.300782781603175e-07 
5.300782781603175e-07 
5.300782781603175e-07 
5.300782781603175e-07 
5.300782781603175e-07 
5.300782781603175e-07 
5.300782781603175e-07 
5.300782781603175e-07 
5.300782781603175e-07 
5.300782781603175e-07 
5.300782781603175e-07 
5.300782781603175e-07 
5.300782781603175e-07 
5.300782781603175e-07 
5.300782781603175e-07 
5.300782781603175e-07 
5.300782781603175e-07 
