0.5785880395957439 
0.56273077413630535 
0.54970544761608187 
0.53952859433345934 
0.53221192228404779 
0.52776230162082216 
0.52618176187498689 
0.52618176187498689 
0.52618176187498689 
0.52618176187498689 
0.52618176187498689 
0.52618176187498689 
0.52618176187498689 
0.52618176187498689 
0.50823194606657041 
0.50823194606657041 
0.47143712967096918 
0.42235351074659477 
0.3903051310611072 
0.37538760370603885 
0.37538760370603885 
0.37538760370603885 
0.37538760370603885 
0.37538760370603885 
0.37538760370603885 
0.34698096676088686 
0.31648280437900256 
0.2876079766325409 
0.26038710986121671 
0.23484871874415081 
0.21101916563007772 
0.18892262307590346 
0.16858103964996851 
0.1500141090514322 
0.13323924259215236 
0.11827154508234095 
0.10512379415610695 
0.093806423067777533 
0.084327506984620437 
0.076692752796296837 
0.070905492456018848 
0.066966679863038503 
0.064874891290727432 
0.064626329359107504 
0.064626329359107504 
0.064626329359107504 
0.064626329359107504 
0.064626329359107504 
0.064626329359107504 
0.064626329359107504 
0.064626329359107504 
0.064626329359107504 
0.064626329359107504 
0.064626329359107504 
0.064626329359107504 
0.064626329359107504 
0.064526272233550119 
0.064526272233550119 
0.064526272233550119 
0.064526272233550119 
0.064526272233550119 
0.064526272233550119 
0.064526272233550119 
0.064526272233550119 
0.064526272233550119 
0.064526272233550119 
0.064526272233550119 
0.064526272233550119 
0.064526272233550119 
0.064526272233550119 
0.064526272233550119 
0.064526272233550119 
0.064526272233550119 
0.064526272233550119 
0.064526272233550119 
0.064526272233550119 
0.064526272233550119 
0.064526272233550119 
0.064526272233550119 
0.064526272233550119 
0.064526272233550119 
0.064526272233550119 
0.064526272233550119 
0.064526272233550119 
0.064526272233550119 
0.064526272233550119 
0.064526272233550119 
0.064526272233550119 
0.064526272233550119 
0.064526272233550119 
0.064526272233550119 
0.064526272233550119 
0.064526272233550119 
0.064526272233550119 
0.064526272233550119 
0.064526272233550119 
0.064526272233550119 
0.064526272233550119 
0.064526272233550119 
0.064526272233550119 
0.064526272233550119 
0.064526272233550119 
0.064526272233550119 
0.064526272233550119 
0.064526272233550119 
0.064526272233550119 
0.064526272233550119 
0.064526272233550119 
0.064526272233550119 
0.064526272233550119 
0.064526272233550119 
0.064526272233550119 
0.064526272233550119 
0.064526272233550119 
0.064526272233550119 
0.064526272233550119 
0.064526272233550119 
0.055899840180343885 
0.055899840180343885 
0.055899840180343885 
0.055899840180343885 
0.055899840180343885 
0.055899840180343885 
0.055899840180343885 
0.055899840180343885 
0.055899840180343885 
0.055899840180343885 
0.055899840180343885 
0.055899840180343885 
0.055899840180343885 
0.055899840180343885 
0.055899840180343885 
0.054291981049073401 
0.052251376564748209 
0.050848911088544835 
0.050086350155526205 
0.04996513962669713 
0.04996513962669713 
0.04996513962669713 
0.04996513962669713 
0.04996513962669713 
0.04996513962669713 
0.04996513962669713 
0.049635948597502533 
0.049635948597502533 
0.049635948597502533 
0.049635948597502533 
0.049635948597502533 
0.048212696938986221 
0.04652798083279297 
0.045126351044930568 
0.044007751956989472 
0.043172078409848824 
0.042619175745149729 
0.042348839856970799 
0.042348839856970799 
0.042348839856970799 
0.042348839856970799 
0.042348839856970799 
0.042348839856970799 
0.042348839856970799 
0.042348839856970799 
0.042348839856970799 
0.042348839856970799 
0.042348839856970799 
0.042348839856970799 
0.042335491877522169 
0.042335491877522169 
0.042335491877522169 
0.037798381186356034 
0.037798381186356034 
0.037798381186356034 
0.037798381186356034 
0.037798381186356034 
0.037798381186356034 
0.037798381186356034 
0.037798381186356034 
0.037798381186356034 
0.037798381186356034 
0.037798381186356034 
0.036829268628778444 
0.035768801209482448 
0.034740004390367507 
0.033742889828422551 
0.03277746866811615 
0.031843751541252407 
0.030941748566836735 
0.030071469350950508 
0.029232922986635712 
0.028426118053789251 
0.027651062619064803 
0.02690776423578578 
0.026196229943869387 
0.025516466269754678 
0.024868479226346163 
0.024252274312962063 
0.023667856515296126 
0.023115230305384316 
0.022594399641585161 
0.022105367968566658 
0.021648138217303492 
0.021222712805084698 
0.020829093635529206 
0.020467282098610928 
0.020137279070694181 
0.019839084914578198 
0.019572699479551092 
0.019338122101451805 
0.019135351602744266 
0.018964386292597668 
0.018825223966979387 
0.018717861908755129 
0.01864229688779806 
0.018598525161111046 
0.018586542472952217 
0.018586542472952217 
0.018586542472952217 
0.018586542472952217 
0.018586542472952217 
0.017312314793037409 
0.016443901115879567 
0.016443901115879567 
0.016443901115879567 
0.016443901115879567 
0.016443901115879567 
0.015831356257146711 
0.015222382681809199 
0.014704655750184759 
0.014278237210267775 
0.013943181705344476 
0.013699536769326115 
0.013547342822680997 
0.013486633168964479 
0.013486633168964479 
0.013486633168964479 
0.013486633168964479 
0.013486633168964479 
0.013486633168964479 
0.013486633168964479 
0.013486633168964479 
0.013486633168964479 
0.013486633168964479 
0.013486633168964479 
0.013486633168964479 
0.013486633168964479 
0.013486633168964479 
0.013321317779877884 
0.013321317779877884 
0.013321317779877884 
0.013321317779877884 
0.013321317779877884 
0.013321317779877884 
0.013321317779877884 
0.013182009581410026 
0.012956743700142881 
0.01275310990274714 
0.012571112286197006 
0.012410754523111356 
0.01227203986168024 
0.012154971125596048 
0.012059550713995781 
0.011985780601413309 
0.011933662337736073 
0.01190319704817433 
0.011894385433238841 
0.011894385433238841 
0.011894385433238841 
0.011894385433238841 
0.011894385433238841 
0.011894385433238841 
0.011894385433238841 
0.011894385433238841 
0.011894385433238841 
0.011894385433238841 
0.011894385433238841 
0.011894385433238841 
0.011894385433238841 
0.011894385433238841 
0.011894385433238841 
0.011894385433238841 
0.011894385433238841 
0.011894385433238841 
0.011894385433238841 
0.011894385433238841 
0.011816618482478836 
0.011816618482478836 
0.011816618482478836 
0.011816618482478836 
0.011816618482478836 
0.011816618482478836 
0.011816618482478836 
0.011816618482478836 
0.011816618482478836 
0.011816618482478836 
0.011816618482478836 
0.011816618482478836 
0.011816618482478836 
0.011816618482478836 
0.011816618482478836 
0.011816618482478836 
0.011816618482478836 
0.011816618482478836 
0.011816477673616266 
0.011751931565538554 
0.011715327339734016 
0.011706666340561722 
0.011706666340561722 
0.011706666340561722 
0.011706666340561722 
0.011706666340561722 
0.011676796509531129 
0.011676796509531129 
0.011676796509531129 
0.011676796509531129 
0.011676796509531129 
0.011676796509531129 
0.011646983260888644 
0.011615554526721583 
0.011615554526721583 
0.011615554526721583 
0.011615554526721583 
0.011615554526721583 
0.0115564839551906 
0.0115564839551906 
0.0115564839551906 
0.0115564839551906 
0.0115564839551906 
0.0115564839551906 
0.0115564839551906 
0.011521274940208492 
0.011460340516979306 
0.011409126503444833 
0.011367633230928709 
0.011335860945292819 
0.011313809806934971 
0.01130147989078667 
0.011298871186312343 
0.011298871186312343 
0.011298871186312343 
0.011298871186312343 
0.011298871186312343 
0.011298871186312343 
0.011298871186312343 
0.011298871186312343 
0.011298871186312343 
0.011298871186312343 
0.011298871186312343 
0.011114222584966194 
0.011114222584966194 
0.011114222584966194 
0.011114222584966194 
0.011114222584966194 
0.011114222584966194 
0.011114222584966194 
0.011114222584966194 
0.011114222584966194 
0.011114222584966194 
0.011114222584966194 
0.011114222584966194 
0.011114222584966194 
0.011114222584966194 
0.011114222584966194 
0.011114222584966194 
0.011114222584966194 
0.011053954383533404 
0.010995437192830693 
0.010946502915831102 
0.01090715192705638 
0.010877384517854138 
0.010857200896393082 
0.010846601187662785 
0.010845585433471472 
0.010845585433471472 
0.010845585433471472 
0.010845585433471472 
0.010845585433471472 
0.010845585433471472 
0.010845585433471472 
0.010845585433471472 
0.010845585433471472 
0.010845585433471472 
0.010845585433471472 
0.010845585433471472 
0.010845585433471472 
0.010845006045008931 
0.010845006045008931 
0.010808696182424304 
0.010728956791369315 
0.010728956791369315 
0.010728956791369315 
0.010728956791369315 
0.010728956791369315 
0.010728956791369315 
0.010728956791369315 
0.010728956791369315 
0.010728956791369315 
0.010715109312433579 
0.010673267009690401 
0.010631990014778658 
0.010591278329558751 
0.010551131955706561 
0.010511550894712673 
0.010472535147880824 
0.010434084716330005 
0.010396199600992917 
0.010358879802617071 
0.01032212532176402 
0.01028593615880935 
0.010250312313943688 
0.010215253787171585 
0.010180760578311743 
0.010146832686997564 
0.010113470112676937 
0.010080672854611117 
0.010048440911876177 
0.010016774283364005 
0.0099856729677780809 
0.0099551369636382558 
0.0099251662692781961 
0.0098957608828458277 
0.0098669208023033361 
0.0098386460254272778 
0.0098109365498088019 
0.0097837923728535392 
0.0097572134917807141 
0.0097311999036244767 
0.0097057516052336812 
0.009680868593270775 
0.0096565508642131315 
0.0096327984143523837 
0.0096096112397939804 
0.009586989336459073 
0.0095649327000817408 
0.0095434413262112106 
0.009522515210211191 
0.0095021543472592063 
0.0094823587323481506 
0.0094631283602839567 
0.0094444632256883709 
0.0094263633229965116 
0.0094088286464584225 
0.0093918591901386295 
0.0093754549479152516 
0.0093596159134824441 
0.0093443420803474009 
0.0093296334418314641 
0.0093154899910722344 
0.0093019117210203506 
0.0092888986244410443 
0.009276450693913918 
0.0092645679218337218 
0.0092532503004089106 
0.0092424978216631981 
0.0092323104774337805 
0.009222688259373002 
0.0092136311589475772 
0.0092051391674385918 
0.0091972122759416131 
0.0091898504753670229 
0.0091830537564393522 
0.0091768221096978353 
0.0091711555254957444 
0.0091660539940019437 
0.0091615175051986686 
0.0091575460488830807 
0.0091541396146674892 
0.0091512981919776859 
0.0091490217700547216 
0.0091473103379541287 
0.0091461638845460325 
0.0091455823985143736 
0.009145565868359129 
0.009145565868359129 
0.009145565868359129 
0.009145565868359129 
0.009145565868359129 
0.009145565868359129 
0.009145565868359129 
0.009145565868359129 
0.0090947027704778582 
0.0090264279516916179 
0.0090264279516916179 
0.0090264279516916179 
0.0090264279516916179 
0.0090264279516916179 
0.0090032155604644615 
0.0089747874298409247 
0.0089536145712955095 
0.0089396976825144581 
0.0089330374241309851 
0.0089330374241309851 
0.0089330374241309851 
0.0089330374241309851 
0.0089330374241309851 
0.0089330374241309851 
0.0089330374241309851 
0.0089330374241309851 
0.0089330374241309851 
0.0089330374241309851 
0.0089330374241309851 
0.0089330374241309851 
0.0089329241083396793 
0.0089329241083396793 
0.0089329241083396793 
0.0089329241083396793 
0.0089329241083396793 
0.0088920390192158694 
0.0088920390192158694 
0.0088920390192158694 
0.0088920390192158694 
0.0088920390192158694 
0.0088920390192158694 
0.0088920390192158694 
0.0088920390192158694 
0.0088920390192158694 
0.0088920390192158694 
0.0088920390192158694 
0.0088920390192158694 
0.0088920390192158694 
0.0088920390192158694 
0.0088920390192158694 
0.0088920390192158694 
0.0088920390192158694 
0.0088920390192158694 
0.0088920390192158694 
0.0088920390192158694 
0.0088920390192158694 
0.0088900145432905253 
0.0088845174656081438 
0.0088845174656081438 
0.0088845174656081438 
0.0088845174656081438 
0.0088637636587924895 
0.0088637636587924895 
0.0088637636587924895 
0.0088637636587924895 
0.0088637636587924895 
0.0088637636587924895 
0.0088629982759995674 
0.0088521732093516103 
0.008845246134333129 
0.0088422172942580479 
0.0088422172942580479 
0.0088422172942580479 
0.0088422172942580479 
0.0088422172942580479 
0.0088422172942580479 
0.0088422172942580479 
0.0088422172942580479 
0.0088422172942580479 
0.0088422172942580479 
0.0088422172942580479 
0.0088422172942580479 
0.0088422172942580479 
0.0088422172942580479 
0.0088422172942580479 
0.0088422172942580479 
0.0088422172942580479 
0.0088246524028199325 
0.0088246524028199325 
0.0088246524028199325 
0.0088246524028199325 
0.0088246524028199325 
0.0088246524028199325 
0.0088246524028199325 
0.0088246524028199325 
0.0088246524028199325 
0.0088246524028199325 
0.0088246524028199325 
0.0088246524028199325 
0.0088246524028199325 
0.0088246524028199325 
0.0088246524028199325 
0.0088246524028199325 
0.0088246524028199325 
0.0088246524028199325 
0.0088246524028199325 
0.0088246524028199325 
0.0088246524028199325 
0.0088225373317458722 
0.0088216353457936103 
0.0088216353457936103 
0.0088216353457936103 
0.0088216353457936103 
0.0088078154552391208 
0.0088078154552391208 
0.0088078154552391208 
0.0088078154552391208 
0.0088078154552391208 
0.0088078154552391208 
0.0088078154552391208 
0.0088008893422943935 
0.0087956434403158035 
0.0087947153642945475 
0.0087947153642945475 
0.0087947153642945475 
0.0087947153642945475 
0.0087947153642945475 
0.0087947153642945475 
0.0087947153642945475 
0.0087947153642945475 
0.0087947153642945475 
0.0087947153642945475 
0.0087947153642945475 
0.0087947153642945475 
0.0087947153642945475 
0.0087945525070600716 
0.0087945525070600716 
0.0087945525070600716 
0.0087945525070600716 
0.008785577476037143 
0.008785577476037143 
0.008785577476037143 
0.008785577476037143 
0.008785577476037143 
0.008785577476037143 
0.008785577476037143 
0.008785577476037143 
0.0087853609994015258 
0.0087853609994015258 
0.0087853609994015258 
0.0087853609994015258 
0.0087853609994015258 
0.0087853609994015258 
0.0087853609994015258 
0.0087853609994015258 
0.0087853609994015258 
0.0087853609994015258 
0.0087853609994015258 
0.0087853609994015258 
0.0087853609994015258 
0.0087853609994015258 
0.0087853609994015258 
0.0087853609994015258 
0.0087853609994015258 
0.0087853609994015258 
0.0087853609994015258 
0.0087853609994015258 
0.0087853609994015258 
0.0087853609994015258 
0.0087853609994015258 
0.0087853609994015258 
0.0087853609994015258 
0.0087853609994015258 
0.0087851954762614426 
0.0087851954762614426 
0.0087851954762614426 
0.0087851954762614426 
0.0087851954762614426 
0.0087851954762614426 
0.0087851954762614426 
0.0087851954762614426 
0.0087851954762614426 
0.0087851954762614426 
0.0087851954762614426 
0.0087851954762614426 
0.0078856476454240987 
0.0078856476454240987 
0.0078856476454240987 
0.0078856476454240987 
0.0078856476454240987 
0.0078856476454240987 
0.0078856476454240987 
0.0078856476454240987 
0.0077314521499439737 
0.0075378280732412151 
0.0073558462922769241 
0.0071855076508439142 
0.007026812884663669 
0.0068797626213802365 
0.0067443573805525681 
0.0066205975736518541 
0.006508483504055973 
0.0064080153670486029 
0.0063191932498171122 
0.0062420171314520045 
0.0061764868829486952 
0.006122602267208288 
0.0060803629390423497 
0.0060497684451752409 
0.0060308182242503339 
0.0060235116068367844 
0.0060235116068367844 
0.0060235116068367844 
0.0060235116068367844 
0.0060235116068367844 
0.0060235116068367844 
0.0060235116068367844 
0.0060235116068367844 
0.0060235116068367844 
0.0060235116068367844 
0.0060235116068367844 
0.0060235116068367844 
0.0060235116068367844 
0.0060235116068367844 
0.0060235116068367844 
0.0060235116068367844 
0.0060235116068367844 
0.0060235116068367844 
0.0060235116068367844 
0.0060235116068367844 
0.0060235116068367844 
0.0060235116068367844 
0.0060235116068367844 
0.0060235116068367844 
0.0060235116068367844 
0.0060235116068367844 
0.0060235116068367844 
0.0060235116068367844 
0.0060235116068367844 
0.0060235116068367844 
0.0060235116068367844 
0.0059120958453051653 
0.0057710208667478557 
0.0057710208667478557 
0.0057710208667478557 
0.0057710208667478557 
0.0057710208667478557 
0.0057559844609582633 
0.0056997080432598102 
0.0056598765670368145 
0.0056364912044077897 
0.0056295528867145173 
0.0056295528867145173 
0.0056295528867145173 
0.0056295528867145173 
0.0056253104549739419 
0.0056253104549739419 
0.0056253104549739419 
0.0056253104549739419 
0.0056253104549739419 
0.0056253104549739419 
0.0056253104549739419 
0.0056253104549739419 
0.0056129458110972807 
0.0055830942229037062 
0.0055629916005458524 
0.0055526377851506936 
0.0055520325341154031 
0.0055520325341154031 
0.0055520325341154031 
0.0055520325341154031 
0.0055520325341154031 
0.0055520325341154031 
0.0055520325341154031 
0.0055520325341154031 
0.0055520325341154031 
0.0055520325341154031 
0.0055520325341154031 
0.0055520325341154031 
0.0055520325341154031 
0.0054462449128818147 
0.0054462449128818147 
0.0054462449128818147 
0.0054462449128818147 
0.0054462449128818147 
0.0054462449128818147 
0.0054462449128818147 
0.0054462449128818147 
0.0054462449128818147 
0.0054462449128818147 
0.0054462449128818147 
0.0054462449128818147 
0.0054391690109985014 
0.0054391690109985014 
0.0054391690109985014 
0.005426017061691546 
0.0053945046512461348 
0.0053669258735070668 
0.0053432806881577033 
0.0053235690419380921 
0.0053077908686475217 
0.0052959460891431887 
0.0052880346113410859 
0.0052840563302164467 
0.0052840111278034119 
0.0052840111278034119 
0.0052576104628699882 
0.0052576104628699882 
0.0052576104628699882 
0.0052565380304848697 
0.0052326691280010218 
0.005208860005666005 
0.0051851106647873291 
0.0051614211066706162 
0.0051377913326178248 
0.0051142213439264728 
0.0050907111418927453 
0.0049873744639243878 
0.0049178476932587589 
0.0049178476932587589 
0.0049178476932587589 
0.0048690353675779896 
0.0048120578531898328 
0.0047581272334994429 
0.0047072436034945042 
0.0046594070499712537 
0.0046146176515353687 
0.0045728754786015235 
0.0045341805933942769 
0.0044985330499448528 
0.0044659328940951371 
0.0044363801634946798 
0.0044098748876004734 
0.004386417087679062 
0.0043660067768042099 
0.0043486439598586779 
0.0043343286335322251 
0.0043230607863242732 
0.004314840398540909 
0.0043096674422974379 
0.0043075418815167188 
0.0043075418815167188 
0.0043075418815167188 
0.0043075418815167188 
0.0043075418815167188 
0.0043075418815167188 
0.0043075418815167188 
0.0043075418815167188 
0.0043075418815167188 
0.0043075418815167188 
0.0043075418815167188 
0.0043075418815167188 
0.0043075418815167188 
0.0043075418815167188 
0.0043075418815167188 
0.0043075418815167188 
0.0043075418815167188 
0.0043075418815167188 
0.0043075418815167188 
0.0043075418815167188 
0.0043075418815167188 
0.0043075418815167188 
0.0043075418815167188 
0.0043075418815167188 
0.0043075418815167188 
0.0043075418815167188 
0.0043075418815167188 
0.0043075418815167188 
0.0043075418815167188 
0.0043075418815167188 
0.0043075418815167188 
0.0043075418815167188 
0.0043075418815167188 
0.0043075418815167188 
0.0043075418815167188 
0.0043075418815167188 
0.0043075418815167188 
0.0043075418815167188 
0.0043075349706519495 
0.0043075349706519495 
0.0043075349706519495 
0.0043075349706519495 
0.0043075349706519495 
0.0043075349706519495 
0.0043075349706519495 
0.0043075349706519495 
0.0043075349706519495 
0.0043075349706519495 
0.0043075349706519495 
0.0043075349706519495 
0.0043075349706519495 
0.0043075349706519495 
0.0043075349706519495 
0.0043075349706519495 
0.0043075349706519495 
0.0043075349706519495 
0.0043075349706519495 
0.0043075349706519495 
0.0043075349706519495 
0.0043075349706519495 
0.0043075349706519495 
0.0043075349706519495 
0.0043075349706519495 
0.0043075349706519495 
0.0043075349706519495 
0.0043075349706519495 
0.0043075349706519495 
0.0043075349706519495 
0.0043075349706519495 
0.0043075349706519495 
0.0043075349706519495 
0.0043075349706519495 
0.0043075349706519495 
0.0043075349706519495 
0.0043075349706519495 
0.0043075349706519495 
0.0043075349706519495 
0.0043075349706519495 
0.0043075349706519495 
0.0043075349706519495 
0.0043075349706519495 
0.0043075349706519495 
0.0043075349706519495 
0.0043075349706519495 
0.0043075349706519495 
0.0043075349706519495 
0.0043075349706519495 
0.0043075349706519495 
0.0043075349706519495 
0.0043075349706519495 
0.0043075349706519495 
0.0043075349706519495 
0.0043075349706519495 
0.0043075349706519495 
0.0043075349706519495 
0.0043075349706519495 
0.0043075349706519495 
0.0043075349706519495 
0.0043075349706519495 
0.0043075349706519495 
0.0043075349706519495 
0.0043075349706519495 
0.0043075349706519495 
0.0043075349706519495 
0.0043075349706519495 
0.0043075349706519495 
0.0043075349706519495 
0.0043075349706519495 
0.0043075349706519495 
0.0043075349706519495 
0.0043075349706519495 
0.0043075349706519495 
0.0043075349706519495 
0.0043075349706519495 
0.0043075349706519495 
0.0043074867225132429 
0.0043074867225132429 
0.0043074867225132429 
0.0043074867225132429 
0.0043074867225132429 
0.0043074867225132429 
0.0043074867225132429 
0.0043074867225132429 
0.0043074867225132429 
0.0043074867225132429 
0.0043074867225132429 
0.0043074867225132429 
0.0043074867225132429 
0.0043074867225132429 
0.0043074867225132429 
0.0043074867225132429 
0.0043074867225132429 
0.0043074867225132429 
0.0043074867225132429 
0.0043074867225132429 
0.0043074867225132429 
0.0043074867225132429 
0.0043074867225132429 
0.0043074867225132429 
0.0043074867225132429 
0.0043074867225132429 
0.0043074867225132429 
0.0043074867225132429 
0.0043074867225132429 
0.0043074867225132429 
0.0043074867225132429 
0.0043074867225132429 
0.0043074867225132429 
0.0043074867225132429 
0.0043074867225132429 
0.0043074867225132429 
0.0043074867225132429 
0.0043074867225132429 
0.0043074867225132429 
0.0043074867225132429 
0.0043074867225132429 
0.0043074867225132429 
0.0043074867225132429 
0.0043074867225132429 
0.0043074867225132429 
0.0043072891000881519 
0.0043072891000881519 
0.0043072891000881519 
0.0043072891000881519 
0.0043072891000881519 
0.0043072891000881519 
0.0043072891000881519 
0.0043072891000881519 
0.0043072891000881519 
0.0043072891000881519 
0.0043072891000881519 
0.0043072891000881519 
0.0043072891000881519 
0.0043071795340984265 
0.0043071795340984265 
0.0043071795340984265 
0.0043071795340984265 
0.0043071795340984265 
0.004307012444450975 
0.004307012444450975 
0.004307012444450975 
0.004307012444450975 
0.004307012444450975 
0.004307012444450975 
0.004307012444450975 
0.004307012444450975 
0.004307012444450975 
0.004307012444450975 
0.004307012444450975 
