1.9751011290687834 
1.9352594204126141 
1.9013979216447983 
1.7945685347073979 
0.77614910968178696 
0.45606527311471656 
0.45606527311471656 
0.45606527311471656 
0.44500118181680903 
0.44500118181680903 
0.44500118181680903 
0.44500118181680903 
0.44500118181680903 
0.44500118181680903 
0.44500118181680903 
0.44500118181680903 
0.44500118181680903 
0.21543148857700778 
0.21543148857700778 
0.21543148857700778 
0.21543148857700778 
0.21543148857700778 
0.21543148857700778 
0.21543148857700778 
0.21543148857700778 
0.21543148857700778 
0.21543148857700778 
0.21543148857700778 
0.21543148857700778 
0.21543148857700778 
0.21543148857700778 
0.21543148857700778 
0.21543148857700778 
0.1236921302980305 
0.11185154129209229 
0.11185154129209229 
0.11185154129209229 
0.11185154129209229 
0.11185154129209229 
0.11185154129209229 
0.11185154129209229 
0.11185154129209229 
0.11185154129209229 
0.11185154129209229 
0.11185154129209229 
0.11185154129209229 
0.11185154129209229 
0.092811788099358417 
0.092441498415107404 
0.092441498415107404 
0.092441498415107404 
0.092441498415107404 
0.092441498415107404 
0.092441498415107404 
0.092441498415107404 
0.092441498415107404 
0.092441498415107404 
0.092441498415107404 
0.092441498415107404 
0.047218092507970266 
0.038547658300246535 
0.038547658300246535 
0.038547658300246535 
0.038547658300246535 
0.038547658300246535 
0.038547658300246535 
0.038547658300246535 
0.038547658300246535 
0.031300176321129802 
0.031300176321129802 
0.031300176321129802 
0.031300176321129802 
0.031300176321129802 
0.031300176321129802 
0.027999901804620975 
0.027999901804620975 
0.027999901804620975 
0.027999901804620975 
0.027999901804620975 
0.027999901804620975 
0.027999901804620975 
0.027999901804620975 
0.027999901804620975 
0.027999901804620975 
0.027999901804620975 
0.027999901804620975 
0.0096983009423149413 
0.0096983009423149413 
0.0096983009423149413 
0.0096983009423149413 
0.0096983009423149413 
0.0096983009423149413 
0.0096983009423149413 
0.0096983009423149413 
0.0096983009423149413 
0.0096983009423149413 
0.0096983009423149413 
0.0096983009423149413 
0.0096983009423149413 
0.0096983009423149413 
0.0042445357512846948 
0.0042445357512846948 
0.0042445357512846948 
0.0042445357512846948 
0.0042445357512846948 
0.0042445357512846948 
0.0042445357512846948 
0.0042445357512846948 
0.0042445357512846948 
0.0042445357512846948 
0.0042445357512846948 
0.0042445357512846948 
0.0042445357512846948 
0.0042445357512846948 
0.0042445357512846948 
0.0042445357512846948 
0.0042445357512846948 
0.0042445357512846948 
0.0042445357512846948 
0.0042445357512846948 
0.0042445357512846948 
0.0042445357512846948 
0.0042445357512846948 
0.0042445357512846948 
0.0042445357512846948 
0.0042445357512846948 
0.0042445357512846948 
0.0042445357512846948 
0.0042445357512846948 
0.0042445357512846948 
0.0042445357512846948 
0.0042445357512846948 
0.0042445357512846948 
0.0042445357512846948 
0.0042445357512846948 
0.0042445357512846948 
0.0042445357512846948 
0.0042445357512846948 
0.0042445357512846948 
0.0042445357512846948 
0.0042445357512846948 
0.0042445357512846948 
0.0042445357512846948 
0.0042445357512846948 
0.0042445357512846948 
0.0042445357512846948 
0.0042445357512846948 
0.0042445357512846948 
0.0042445357512846948 
0.0042445357512846948 
0.0042445357512846948 
0.0042445357512846948 
0.0042445357512846948 
0.0042445357512846948 
0.0042445357512846948 
0.0042445357512846948 
0.0042445357512846948 
0.0042445357512846948 
0.0042445357512846948 
0.0042445357512846948 
0.0042445357512846948 
0.0042445357512846948 
0.0042445357512846948 
0.0042445357512846948 
0.0042445357512846948 
0.0042445357512846948 
0.0042445357512846948 
0.0042445357512846948 
0.0042445357512846948 
0.0042445357512846948 
0.0042445357512846948 
0.0042445357512846948 
0.0042445357512846948 
0.0042445357512846948 
0.0042445357512846948 
0.0042445357512846948 
0.0042445357512846948 
0.0042445357512846948 
0.0042445357512846948 
0.0042445357512846948 
0.0042445357512846948 
0.0042445357512846948 
0.0042445357512846948 
0.0042445357512846948 
0.0042445357512846948 
0.0042445357512846948 
0.0042445357512846948 
0.0042445357512846948 
0.0042445357512846948 
0.0042445357512846948 
0.0042445357512846948 
0.0042445357512846948 
0.0042445357512846948 
0.0042445357512846948 
0.0042445357512846948 
0.0042445357512846948 
0.0042445357512846948 
0.0042445357512846948 
0.0042445357512846948 
0.0042445357512846948 
0.0042445357512846948 
0.0042445357512846948 
0.0042445357512846948 
0.0042445357512846948 
0.0042445357512846948 
0.0042445357512846948 
0.0042445357512846948 
0.0042445357512846948 
0.0042445357512846948 
0.0042445357512846948 
0.0042445357512846948 
0.0042445357512846948 
0.0042445357512846948 
0.0042445357512846948 
0.0042445357512846948 
0.0034167938281147725 
0.0034167938281147725 
0.0034167938281147725 
0.0034167938281147725 
0.0034167938281147725 
0.0034167938281147725 
0.0034167938281147725 
0.0034167938281147725 
0.0034167938281147725 
0.0034167938281147725 
0.0034167938281147725 
0.0034167938281147725 
0.0034167938281147725 
0.0034167938281147725 
0.0034167938281147725 
0.0034167938281147725 
0.0034167938281147725 
0.0034167938281147725 
0.0034167938281147725 
0.0034167938281147725 
0.0034167938281147725 
0.0034167938281147725 
0.0034167938281147725 
0.0034167938281147725 
0.0034167938281147725 
0.0034167938281147725 
0.0034167938281147725 
0.0034167938281147725 
0.0034167938281147725 
0.0034167938281147725 
0.0034167938281147725 
0.0034167938281147725 
0.0034167938281147725 
0.0034167938281147725 
0.0034167938281147725 
0.0034167938281147725 
0.0034167938281147725 
0.0034167938281147725 
0.0034167938281147725 
0.0034167938281147725 
0.0034167938281147725 
0.0034167938281147725 
0.0034167938281147725 
0.0034167938281147725 
0.0034167938281147725 
0.0034167938281147725 
0.0034167938281147725 
0.0034167938281147725 
0.0034167938281147725 
0.0034159258578463358 
0.0027223350105405331 
0.0027223350105405331 
0.0027223350105405331 
0.0027223350105405331 
0.0027223350105405331 
0.0027223350105405331 
0.0027223350105405331 
0.0027223350105405331 
0.0027223350105405331 
0.0027223350105405331 
0.0027223350105405331 
0.0027223350105405331 
0.0027223350105405331 
0.0027223350105405331 
0.0026547708681105009 
0.0026547708681105009 
0.0026547708681105009 
0.0026547708681105009 
0.0026547708681105009 
0.0026547708681105009 
0.0026547708681105009 
0.0026547708681105009 
0.0026547708681105009 
0.0026547708681105009 
0.0026547708681105009 
0.0026547708681105009 
0.0026547708681105009 
0.0026547708681105009 
0.0026547708681105009 
0.0026547708681105009 
0.0026547708681105009 
0.0026547708681105009 
0.0026547708681105009 
0.0026547708681105009 
0.0026547708681105009 
0.0026547708681105009 
0.0026547708681105009 
0.0026547708681105009 
0.0026547708681105009 
0.0026547708681105009 
0.0026547708681105009 
0.0026547708681105009 
0.0026547708681105009 
0.0026547708681105009 
0.0026547708681105009 
0.0026547708681105009 
0.0026277232035963882 
0.0026277232035963882 
0.0026277232035963882 
0.0026277232035963882 
0.0026277232035963882 
0.0026277232035963882 
0.0026277232035963882 
0.0026277232035963882 
0.0026277232035963882 
0.0026277232035963882 
0.0026277232035963882 
0.0026277232035963882 
0.0026277232035963882 
0.0026277232035963882 
0.0026277232035963882 
0.0026277232035963882 
0.0026277232035963882 
0.0026277232035963882 
0.0026277232035963882 
0.0026277232035963882 
0.0026277232035963882 
0.0026277232035963882 
0.0026277232035963882 
0.0026277232035963882 
0.0026277232035963882 
0.0026277232035963882 
0.0026277232035963882 
0.0026277232035963882 
0.0026277232035963882 
0.0026277232035963882 
0.0026277232035963882 
0.0026277232035963882 
0.0024274895061038304 
0.0024274895061038304 
0.0024274895061038304 
0.0024274895061038304 
0.0024274895061038304 
0.0024274895061038304 
0.0024274895061038304 
0.0024274895061038304 
0.0024274895061038304 
0.0024274895061038304 
0.0024274895061038304 
0.0024274895061038304 
0.0024274895061038304 
0.0024274895061038304 
0.0024274895061038304 
0.0024274895061038304 
0.0024274895061038304 
0.0024274895061038304 
0.0024274895061038304 
0.0024274895061038304 
0.0024274895061038304 
0.0024274895061038304 
0.0024274895061038304 
0.0024274895061038304 
0.0024274895061038304 
0.0024274895061038304 
0.0024274895061038304 
0.0024274895061038304 
0.0024274895061038304 
0.0024274895061038304 
0.0024274895061038304 
0.0024274895061038304 
0.0024274895061038304 
0.0024274895061038304 
0.0024274895061038304 
0.0024274895061038304 
0.0024274895061038304 
0.0024274895061038304 
0.0024274895061038304 
0.0024274895061038304 
0.0024274895061038304 
0.0024274895061038304 
0.0024274895061038304 
0.0024274895061038304 
0.0024274895061038304 
0.0024274895061038304 
0.0024274895061038304 
0.0024274895061038304 
0.0024274895061038304 
0.0022928501820398406 
0.0021503671132213631 
0.0021503671132213631 
0.0021503671132213631 
0.0021503671132213631 
0.0021503671132213631 
0.0021503671132213631 
0.0021503671132213631 
0.0021503671132213631 
0.0021503671132213631 
0.0021503671132213631 
0.0021503671132213631 
0.0021503671132213631 
0.0021503671132213631 
0.0021503671132213631 
0.001808754680025948 
0.001808754680025948 
0.001808754680025948 
0.001808754680025948 
0.001808754680025948 
0.001808754680025948 
0.001808754680025948 
0.001808754680025948 
0.001808754680025948 
0.001808754680025948 
0.001808754680025948 
0.001808754680025948 
0.001808754680025948 
0.001808754680025948 
0.001808754680025948 
0.001808754680025948 
0.001808754680025948 
0.001808754680025948 
0.001808754680025948 
0.001808754680025948 
0.001808754680025948 
0.001808754680025948 
0.001808754680025948 
0.001808754680025948 
0.001808754680025948 
0.001808754680025948 
0.001808754680025948 
0.001808754680025948 
0.001808754680025948 
0.001808754680025948 
0.001808754680025948 
0.001808754680025948 
0.001808754680025948 
0.001808754680025948 
0.001808754680025948 
0.001808754680025948 
0.001808754680025948 
0.001808754680025948 
0.001808754680025948 
0.001808754680025948 
0.001808754680025948 
0.001808754680025948 
0.001808754680025948 
0.001808754680025948 
0.001808754680025948 
0.001808754680025948 
0.001808754680025948 
0.001808754680025948 
0.001808754680025948 
0.001808754680025948 
0.001808754680025948 
0.001808754680025948 
0.001808754680025948 
0.001808754680025948 
0.001808754680025948 
0.001808754680025948 
0.001808754680025948 
0.001808754680025948 
0.001808754680025948 
0.001808754680025948 
0.001808754680025948 
0.001808754680025948 
0.001808754680025948 
0.001808754680025948 
0.001808754680025948 
0.001808754680025948 
0.001808754680025948 
0.001808754680025948 
0.001808754680025948 
0.001808754680025948 
0.001808754680025948 
0.001808754680025948 
0.001808754680025948 
0.001808754680025948 
0.001808754680025948 
0.001808754680025948 
0.001808754680025948 
0.001808754680025948 
0.001808754680025948 
0.001808754680025948 
0.001808754680025948 
0.001808754680025948 
0.001808754680025948 
0.001808754680025948 
0.001808754680025948 
0.001808754680025948 
0.001808754680025948 
0.001808754680025948 
0.001808754680025948 
0.001808754680025948 
0.001808754680025948 
0.001808754680025948 
0.001808754680025948 
0.001808754680025948 
0.001808754680025948 
0.001808754680025948 
0.001808754680025948 
0.001808754680025948 
0.001808754680025948 
0.001808754680025948 
0.001808754680025948 
0.001808754680025948 
0.001808754680025948 
0.001808754680025948 
0.001808754680025948 
0.001808754680025948 
0.001808754680025948 
0.001808754680025948 
0.001808754680025948 
0.001808754680025948 
0.001808754680025948 
0.001808754680025948 
0.001808754680025948 
0.001808754680025948 
0.001808754680025948 
0.001808754680025948 
0.001808754680025948 
0.001808754680025948 
0.001808754680025948 
0.001808754680025948 
0.001808754680025948 
0.001808754680025948 
0.001808754680025948 
0.001808754680025948 
0.001808754680025948 
0.001808754680025948 
0.001808754680025948 
0.001808754680025948 
0.001808754680025948 
0.001808754680025948 
0.001808754680025948 
0.001808754680025948 
0.001808754680025948 
0.001808754680025948 
0.001808754680025948 
0.001808754680025948 
0.001808754680025948 
0.001808754680025948 
0.001808754680025948 
0.001808754680025948 
0.001808754680025948 
0.001808754680025948 
0.001808754680025948 
0.001808754680025948 
0.001808754680025948 
0.001808754680025948 
0.001808754680025948 
0.001808754680025948 
0.001808754680025948 
0.001808754680025948 
0.001808754680025948 
0.001808754680025948 
0.001808754680025948 
0.001808754680025948 
0.001808754680025948 
0.001808754680025948 
0.001808754680025948 
0.001808754680025948 
0.001808754680025948 
0.001808754680025948 
0.001808754680025948 
0.001808754680025948 
0.001808754680025948 
0.001808754680025948 
0.001808754680025948 
0.001808754680025948 
0.001808754680025948 
0.001808754680025948 
0.001808754680025948 
0.001808754680025948 
0.001808754680025948 
0.001808754680025948 
0.001808754680025948 
0.001808754680025948 
0.001808754680025948 
0.001808754680025948 
0.001808754680025948 
0.001808754680025948 
0.001808754680025948 
0.001808754680025948 
0.001808754680025948 
0.001808754680025948 
0.001808754680025948 
0.001808754680025948 
0.001808754680025948 
0.001808754680025948 
0.001808754680025948 
0.001808754680025948 
0.001808754680025948 
0.001808754680025948 
0.001808754680025948 
0.001808754680025948 
0.001808754680025948 
0.001808754680025948 
0.001808754680025948 
0.001808754680025948 
0.001808754680025948 
0.001808754680025948 
0.001808754680025948 
0.001808754680025948 
0.001808754680025948 
0.001808754680025948 
0.001808754680025948 
0.001808754680025948 
0.001808754680025948 
0.001808754680025948 
0.001808754680025948 
0.001808754680025948 
0.001808754680025948 
0.001808754680025948 
0.001808754680025948 
0.001808754680025948 
0.001808754680025948 
0.001808754680025948 
0.001808754680025948 
0.001808754680025948 
0.001808754680025948 
0.001808754680025948 
0.001808754680025948 
0.001808754680025948 
0.001808754680025948 
0.001808754680025948 
0.001808754680025948 
0.001808754680025948 
0.001808754680025948 
0.001808754680025948 
0.001808754680025948 
0.001808754680025948 
0.001808754680025948 
0.001808754680025948 
0.001808754680025948 
0.001808754680025948 
0.001808754680025948 
0.001808754680025948 
0.001808754680025948 
0.001808754680025948 
0.001808754680025948 
0.001808754680025948 
0.001808754680025948 
0.001808754680025948 
0.001808754680025948 
0.001808754680025948 
0.001808754680025948 
0.001808754680025948 
0.001808754680025948 
0.001808754680025948 
0.001808754680025948 
0.001808754680025948 
0.001808754680025948 
0.001808754680025948 
0.001808754680025948 
0.001808754680025948 
0.001808754680025948 
0.001808754680025948 
0.001808754680025948 
0.001808754680025948 
0.001808754680025948 
0.001808754680025948 
0.001808754680025948 
0.001808754680025948 
0.001808754680025948 
0.001808754680025948 
0.001808754680025948 
0.001808754680025948 
0.001808754680025948 
0.001808754680025948 
0.001808754680025948 
0.001808754680025948 
0.001808754680025948 
0.001808754680025948 
0.001808754680025948 
0.001808754680025948 
0.001808754680025948 
0.001808754680025948 
0.001808754680025948 
0.0017313672179561923 
0.0017313672179561923 
0.0017313672179561923 
0.0017313672179561923 
0.0017313672179561923 
0.0017313672179561923 
0.0017313672179561923 
0.0017313672179561923 
0.0017313672179561923 
0.0017313672179561923 
0.0017313672179561923 
0.0017313672179561923 
0.0017313672179561923 
0.0017313672179561923 
0.0017313672179561923 
0.0017313672179561923 
0.0017313672179561923 
0.0017313672179561923 
0.0017313672179561923 
0.0017313672179561923 
0.0017313672179561923 
0.0017313672179561923 
0.0017313672179561923 
0.0017313672179561923 
0.0017313672179561923 
0.0017313672179561923 
0.0017313672179561923 
0.0017313672179561923 
0.0017313672179561923 
0.0017313672179561923 
0.0017313672179561923 
0.0017313672179561923 
0.0017313672179561923 
0.0017313672179561923 
0.0017313672179561923 
0.0017313672179561923 
0.0017313672179561923 
0.0017313672179561923 
0.0017313672179561923 
0.0017313672179561923 
0.0017313672179561923 
0.0017313672179561923 
0.0017313672179561923 
0.0017313672179561923 
0.0017313672179561923 
0.0017313672179561923 
0.0017313672179561923 
0.0017313672179561923 
0.0017313672179561923 
0.0017313672179561923 
0.0017313672179561923 
0.0017313672179561923 
0.0017313672179561923 
0.0017313672179561923 
0.0017313672179561923 
0.0017313672179561923 
0.0017313672179561923 
0.0017313672179561923 
0.0017313672179561923 
0.0017313672179561923 
0.0017313672179561923 
0.0017313672179561923 
0.0017313672179561923 
0.0017313672179561923 
0.0017313672179561923 
0.0017313672179561923 
0.0017313672179561923 
0.0017313672179561923 
0.0017313672179561923 
0.0017313672179561923 
0.0017313672179561923 
0.0017313672179561923 
0.0017313672179561923 
0.0017313672179561923 
0.0017313672179561923 
0.0017313672179561923 
0.0017313672179561923 
0.0017313672179561923 
0.0017313672179561923 
0.0017313672179561923 
0.0017313672179561923 
0.0017313672179561923 
0.0017313672179561923 
0.0017313672179561923 
0.0017313672179561923 
0.0017313672179561923 
0.0017313672179561923 
0.0017313672179561923 
0.0017313672179561923 
0.0017313672179561923 
0.0017313672179561923 
0.0017313672179561923 
0.0017313672179561923 
0.0017313672179561923 
0.0017313672179561923 
0.0017313672179561923 
0.0017263780180025723 
0.0017263780180025723 
0.0017263780180025723 
0.0017263780180025723 
0.0017263780180025723 
0.0017263780180025723 
0.0017263780180025723 
0.0017263780180025723 
0.0017263780180025723 
0.0017263780180025723 
0.0017263780180025723 
0.0017263780180025723 
0.0017263780180025723 
0.0017263780180025723 
0.0017263780180025723 
0.0017263780180025723 
0.0017263780180025723 
0.0017263780180025723 
0.0017263780180025723 
0.0017263780180025723 
0.0017263780180025723 
0.0017263780180025723 
0.0017263780180025723 
0.0017263780180025723 
0.0017263780180025723 
0.0017263780180025723 
0.0017263780180025723 
0.0017263780180025723 
0.0017263780180025723 
0.0017263780180025723 
0.0017263780180025723 
0.0017263780180025723 
0.0017263780180025723 
0.0017263780180025723 
0.0017263780180025723 
0.0017263780180025723 
0.0017263780180025723 
0.0017263780180025723 
0.0017263780180025723 
0.0017263780180025723 
0.0017263780180025723 
0.0017263780180025723 
0.0017263780180025723 
0.0017263780180025723 
0.0017263780180025723 
0.0017263780180025723 
0.0017263780180025723 
0.0017263780180025723 
0.0017263780180025723 
0.0017078816659894525 
0.0016071761685284569 
0.0016071761685284569 
0.0016071761685284569 
0.0016071761685284569 
0.0016071761685284569 
0.0016071761685284569 
0.0016071761685284569 
0.0016071761685284569 
0.0016071761685284569 
0.0016071761685284569 
0.0016071761685284569 
0.0016071761685284569 
0.0016071761685284569 
0.0016071761685284569 
0.0013660527432590719 
0.0013660527432590719 
0.0013660527432590719 
0.0013660527432590719 
0.0013660527432590719 
0.0013660527432590719 
0.0013660527432590719 
0.0013660527432590719 
0.0013660527432590719 
0.0013660527432590719 
0.0013660527432590719 
0.0013660527432590719 
0.0013660527432590719 
0.0013660527432590719 
0.0013660527432590719 
0.0013660527432590719 
0.0013660527432590719 
0.0013660527432590719 
0.0013660527432590719 
0.0013660527432590719 
0.0013660527432590719 
0.0013660527432590719 
0.0013660527432590719 
0.0013660527432590719 
0.0013660527432590719 
0.0013660527432590719 
0.0013660527432590719 
0.0013660527432590719 
0.0013660527432590719 
0.0013660527432590719 
0.0013660527432590719 
0.0013660527432590719 
0.0013660527432590719 
0.0013660527432590719 
0.0013660527432590719 
0.0013660527432590719 
0.0013660527432590719 
0.0013660527432590719 
0.0013660527432590719 
0.0013660527432590719 
0.0013660527432590719 
0.0013660527432590719 
0.0013660527432590719 
0.0013660527432590719 
0.0013660527432590719 
0.0013660527432590719 
0.0013660527432590719 
0.0013660527432590719 
0.0013660527432590719 
0.0013660527432590719 
0.0013660527432590719 
0.0013660527432590719 
0.0013660527432590719 
0.0013660527432590719 
0.0013660527432590719 
0.0013660527432590719 
0.0013660527432590719 
0.0013660527432590719 
0.0013660527432590719 
0.0013660527432590719 
0.0013660527432590719 
0.0013660527432590719 
0.0013660527432590719 
0.0013660527432590719 
0.0013660527432590719 
0.0013660527432590719 
0.0013660527432590719 
0.0013660527432590719 
0.0013660527432590719 
0.0013660527432590719 
0.0013660527432590719 
0.0013660527432590719 
0.0013660527432590719 
0.0013660527432590719 
0.0013660527432590719 
0.0013660527432590719 
0.0013660527432590719 
0.0013660527432590719 
0.0013660527432590719 
0.0013660527432590719 
0.0013660527432590719 
0.0013660527432590719 
0.0013660527432590719 
0.0013660527432590719 
0.0013660527432590719 
0.0013660527432590719 
0.0013660527432590719 
0.0013660527432590719 
0.0013660527432590719 
0.0013660527432590719 
0.0013660527432590719 
0.0013660527432590719 
0.0013660527432590719 
0.0013660527432590719 
0.0013660527432590719 
0.0013660527432590719 
0.0013660527432590719 
0.0013660527432590719 
0.0013660527432590719 
0.0013660527432590719 
0.0013660527432590719 
0.0013660527432590719 
0.0013660527432590719 
0.0013660527432590719 
0.0013660527432590719 
0.0013660527432590719 
0.0013660527432590719 
0.0013660527432590719 
0.0013660527432590719 
0.0013660527432590719 
0.0013660527432590719 
0.0013660527432590719 
0.0013660527432590719 
0.0013660527432590719 
0.0013660527432590719 
0.0013660527432590719 
0.0013660527432590719 
0.0013660527432590719 
0.0013660527432590719 
0.0013660527432590719 
0.0013660527432590719 
0.0013660527432590719 
0.0013660527432590719 
0.0013660527432590719 
0.0013660527432590719 
0.0013660527432590719 
0.0013660527432590719 
0.0013660527432590719 
0.0013660527432590719 
0.0013660527432590719 
0.0013660527432590719 
0.0013660527432590719 
0.0013660527432590719 
0.0013660527432590719 
0.0013660527432590719 
0.0013660527432590719 
0.0013660527432590719 
0.0013660527432590719 
0.0013660527432590719 
0.0013660527432590719 
0.0013660527432590719 
0.0013660527432590719 
0.0013660527432590719 
0.0013660527432590719 
0.0013660527432590719 
0.0013660527432590719 
0.0013660527432590719 
0.0013660527432590719 
0.0013660527432590719 
0.0013660527432590719 
0.0013660527432590719 
0.0013660527432590719 
0.0013660527432590719 
0.0013660527432590719 
0.0013660527432590719 
0.0013660527432590719 
0.0013660527432590719 
0.0013660527432590719 
