0.96895961866582281 
0.96895961866582281 
0.96895961866582281 
0.90104106936458983 
0.7786092818872552 
0.57536060056894267 
0.40624613203857018 
0.27458369062753618 
0.18291568681050729 
0.13295706721310052 
0.11431153850153308 
0.058310988776698269 
0.014543394153847089 
0.014543394153847089 
0.014543394153847089 
0.014543394153847089 
0.014543394153847089 
0.014543394153847089 
0.010502331251868391 
0.010502331251868391 
0.010502331251868391 
0.010502331251868391 
0.010502331251868391 
0.010502331251868391 
0.010502331251868391 
0.010502331251868391 
0.010502331251868391 
0.010502331251868391 
0.010502331251868391 
0.0070505776797386011 
0.0070505776797386011 
0.0019863591642724776 
0.0019863591642724776 
0.0019863591642724776 
0.0019863591642724776 
0.0019863591642724776 
0.0019863591642724776 
0.0019863591642724776 
0.0019863591642724776 
0.0019863591642724776 
0.0019863591642724776 
0.0019863591642724776 
0.0019863591642724776 
0.0019863591642724776 
0.0019863591642724776 
0.0019863591642724776 
0.0019863591642724776 
0.0019863591642724776 
0.0019863591642724776 
0.0019863591642724776 
0.0019863591642724776 
0.0019863591642724776 
0.0019863591642724776 
0.0019863591642724776 
0.0019863591642724776 
0.0019863591642724776 
0.0019863591642724776 
0.0019863591642724776 
0.00039494938835471505 
0.00039494938835471505 
0.00039494938835471505 
0.00039494938835471505 
0.00039494938835471505 
0.00039494938835471505 
0.00039494938835471505 
0.00039494938835471505 
0.00039494938835471505 
0.00039494938835471505 
0.00039494938835471505 
0.00039494938835471505 
0.00039494938835471505 
0.00039494938835471505 
0.00039494938835471505 
0.00039494938835471505 
0.00039494938835471505 
0.00039494938835471505 
0.00039494938835471505 
0.00039494938835471505 
0.00039494938835471505 
0.00039494938835471505 
0.00039494938835471505 
0.00039494938835471505 
0.00039494938835471505 
0.00039494938835471505 
0.00039494938835471505 
0.00039494938835471505 
0.00039494938835471505 
0.00039494938835471505 
0.00039494938835471505 
0.00039494938835471505 
0.00039494938835471505 
0.00039494938835471505 
0.00039494938835471505 
0.00039494938835471505 
0.00039494938835471505 
0.00039494938835471505 
0.00039494938835471505 
0.00039494938835471505 
0.00039494938835471505 
0.00039494938835471505 
0.00039494938835471505 
0.00039494938835471505 
0.00039494938835471505 
0.00039494938835471505 
0.00039494938835471505 
0.00039494938835471505 
0.00039086515558695023 
0.00013694862460900126 
0.00013694862460900126 
0.00013694862460900126 
0.00013694862460900126 
0.00013694862460900126 
0.00013694862460900126 
0.00013694862460900126 
0.00013694862460900126 
0.00013694862460900126 
0.00013694862460900126 
0.00013694862460900126 
0.00013694862460900126 
0.00013694862460900126 
0.00013694862460900126 
0.00013694862460900126 
0.00012615002897842231 
0.00012615002897842231 
0.00010984299090455174 
0.00010984299090455174 
0.00010984299090455174 
0.00010984299090455174 
0.00010984299090455174 
0.00010984299090455174 
0.00010984299090455174 
0.00010984299090455174 
0.00010984299090455174 
0.00010984299090455174 
0.00010984299090455174 
0.00010984299090455174 
0.00010984299090455174 
0.00010984299090455174 
0.00010984299090455174 
0.00010984299090455174 
0.00010984299090455174 
0.00010984299090455174 
0.00010984299090455174 
0.00010984299090455174 
0.00010984299090455174 
0.00010984299090455174 
0.00010984299090455174 
0.00010984299090455174 
0.00010984299090455174 
0.00010984299090455174 
0.00010984299090455174 
0.00010984299090455174 
0.00010984299090455174 
0.00010984299090455174 
0.00010984299090455174 
0.00010984299090455174 
0.00010984299090455174 
0.00010877883101623187 
0.00010877883101623187 
0.00010877883101623187 
0.00010877883101623187 
0.00010877883101623187 
0.00010877883101623187 
0.00010877883101623187 
0.00010877883101623187 
0.00010877883101623187 
0.00010877883101623187 
0.00010877883101623187 
0.00010877883101623187 
0.00010877883101623187 
0.00010877883101623187 
0.00010877883101623187 
0.00010877883101623187 
0.00010877883101623187 
0.00010877883101623187 
0.000103815111044403 
0.000103815111044403 
0.000103815111044403 
0.000103815111044403 
0.000103815111044403 
0.000103815111044403 
0.000103815111044403 
0.000103815111044403 
0.000103815111044403 
0.000103815111044403 
0.000103815111044403 
9.7923383144404852e-05 
9.7923383144404852e-05 
9.7923383144404852e-05 
9.7923383144404852e-05 
9.7923383144404852e-05 
9.7923383144404852e-05 
9.7923383144404852e-05 
9.7923383144404852e-05 
9.7923383144404852e-05 
9.7923383144404852e-05 
9.7923383144404852e-05 
9.7923383144404852e-05 
9.7923383144404852e-05 
9.7923383144404852e-05 
9.7923383144404852e-05 
9.7923383144404852e-05 
9.7923383144404852e-05 
7.4632864138224342e-05 
7.4632864138224342e-05 
7.4632864138224342e-05 
7.4632864138224342e-05 
7.4632864138224342e-05 
7.4632864138224342e-05 
7.4632864138224342e-05 
7.4632864138224342e-05 
7.4632864138224342e-05 
7.4632864138224342e-05 
7.4632864138224342e-05 
7.4632864138224342e-05 
7.4632864138224342e-05 
7.4632864138224342e-05 
7.4632864138224342e-05 
7.4632864138224342e-05 
7.4632864138224342e-05 
7.4632864138224342e-05 
7.4632864138224342e-05 
7.4632864138224342e-05 
7.4632864138224342e-05 
7.4632864138224342e-05 
7.4632864138224342e-05 
7.4632864138224342e-05 
7.4632864138224342e-05 
7.4632864138224342e-05 
7.4632864138224342e-05 
7.4632864138224342e-05 
7.4632864138224342e-05 
7.4632864138224342e-05 
7.4632864138224342e-05 
7.4632864138224342e-05 
7.4632864138224342e-05 
7.4632864138224342e-05 
7.4632864138224342e-05 
7.4632864138224342e-05 
6.8905137724395438e-05 
6.8905137724395438e-05 
6.8905137724395438e-05 
6.8905137724395438e-05 
6.8905137724395438e-05 
6.8905137724395438e-05 
6.8905137724395438e-05 
6.8905137724395438e-05 
6.8905137724395438e-05 
6.8905137724395438e-05 
6.8905137724395438e-05 
6.8905137724395438e-05 
6.8905137724395438e-05 
2.7227321802381077e-05 
2.7227321802381077e-05 
2.7227321802381077e-05 
2.7227321802381077e-05 
2.7227321802381077e-05 
2.7227321802381077e-05 
2.7227321802381077e-05 
2.7227321802381077e-05 
2.7227321802381077e-05 
2.7227321802381077e-05 
2.7227321802381077e-05 
2.7227321802381077e-05 
2.7227321802381077e-05 
2.7227321802381077e-05 
2.7227321802381077e-05 
2.7227321802381077e-05 
2.7227321802381077e-05 
2.7227321802381077e-05 
2.7227321802381077e-05 
2.7227321802381077e-05 
2.7227321802381077e-05 
2.7227321802381077e-05 
2.7227321802381077e-05 
2.7227321802381077e-05 
2.7227321802381077e-05 
2.7227321802381077e-05 
2.7227321802381077e-05 
2.7227321802381077e-05 
2.7227321802381077e-05 
2.7227321802381077e-05 
2.7227321802381077e-05 
2.7227321802381077e-05 
2.7227321802381077e-05 
2.7227321802381077e-05 
2.7227321802381077e-05 
2.7227321802381077e-05 
2.7227321802381077e-05 
2.7227321802381077e-05 
2.7227321802381077e-05 
2.7227321802381077e-05 
2.7227321802381077e-05 
2.7227321802381077e-05 
2.7227321802381077e-05 
2.7227321802381077e-05 
2.7227321802381077e-05 
2.7227321802381077e-05 
2.7227321802381077e-05 
2.7227321802381077e-05 
2.7227321802381077e-05 
2.7227321802381077e-05 
2.7227321802381077e-05 
2.4004887429041055e-05 
2.4004887429041055e-05 
2.4004887429041055e-05 
2.4004887429041055e-05 
2.4004887429041055e-05 
2.4004887429041055e-05 
2.4004887429041055e-05 
2.4004887429041055e-05 
2.4004887429041055e-05 
2.4004887429041055e-05 
2.4004887429041055e-05 
2.4004887429041055e-05 
2.4004887429041055e-05 
8.7747038863827953e-06 
8.7747038863827953e-06 
8.7747038863827953e-06 
8.7747038863827953e-06 
8.7747038863827953e-06 
8.7747038863827953e-06 
8.7747038863827953e-06 
8.7747038863827953e-06 
8.7747038863827953e-06 
8.7747038863827953e-06 
8.7747038863827953e-06 
8.7747038863827953e-06 
8.7747038863827953e-06 
8.7747038863827953e-06 
8.7747038863827953e-06 
8.7747038863827953e-06 
8.7747038863827953e-06 
8.7747038863827953e-06 
8.7747038863827953e-06 
8.7747038863827953e-06 
8.7747038863827953e-06 
8.7747038863827953e-06 
8.7747038863827953e-06 
8.7747038863827953e-06 
8.7747038863827953e-06 
8.7747038863827953e-06 
8.7747038863827953e-06 
8.7747038863827953e-06 
8.7747038863827953e-06 
8.7747038863827953e-06 
8.7747038863827953e-06 
8.7747038863827953e-06 
8.7747038863827953e-06 
4.2923869464361886e-06 
4.2923869464361886e-06 
4.2923869464361886e-06 
4.2923869464361886e-06 
4.2923869464361886e-06 
4.2923869464361886e-06 
4.2923869464361886e-06 
4.2923869464361886e-06 
4.2923869464361886e-06 
4.2923869464361886e-06 
4.2923869464361886e-06 
4.2923869464361886e-06 
4.2923869464361886e-06 
4.2923869464361886e-06 
4.2923869464361886e-06 
4.2923869464361886e-06 
4.2923869464361886e-06 
4.2923869464361886e-06 
4.2923869464361886e-06 
4.2923869464361886e-06 
4.2923869464361886e-06 
4.2923869464361886e-06 
4.2923869464361886e-06 
4.2923869464361886e-06 
4.2923869464361886e-06 
4.2923869464361886e-06 
4.2923869464361886e-06 
4.2923869464361886e-06 
4.2923869464361886e-06 
4.2923869464361886e-06 
4.2923869464361886e-06 
4.2923869464361886e-06 
4.2923869464361886e-06 
4.2923869464361886e-06 
4.2923869464361886e-06 
4.2923869464361886e-06 
4.2923869464361886e-06 
4.2923869464361886e-06 
4.2923869464361886e-06 
4.2923869464361886e-06 
4.2923869464361886e-06 
4.2923869464361886e-06 
4.2923869464361886e-06 
4.2923869464361886e-06 
4.2923869464361886e-06 
4.2923869464361886e-06 
4.2923869464361886e-06 
4.2923869464361886e-06 
4.2923869464361886e-06 
4.2923869464361886e-06 
4.2923869464361886e-06 
4.2923869464361886e-06 
4.2923869464361886e-06 
4.2923869464361886e-06 
4.2923869464361886e-06 
4.2923869464361886e-06 
4.2923869464361886e-06 
4.2923869464361886e-06 
4.2923869464361886e-06 
4.2923869464361886e-06 
4.2923869464361886e-06 
4.2923869464361886e-06 
4.2923869464361886e-06 
4.2923869464361886e-06 
4.2923869464361886e-06 
4.2923869464361886e-06 
4.2923869464361886e-06 
4.2923869464361886e-06 
4.2923869464361886e-06 
4.2923869464361886e-06 
4.2923869464361886e-06 
4.2923869464361886e-06 
4.2923869464361886e-06 
4.2923869464361886e-06 
4.2923869464361886e-06 
4.2923869464361886e-06 
4.2923869464361886e-06 
4.2923869464361886e-06 
4.2923869464361886e-06 
4.2923869464361886e-06 
4.2923869464361886e-06 
4.2923869464361886e-06 
4.2923869464361886e-06 
4.2923869464361886e-06 
4.2923869464361886e-06 
4.2923869464361886e-06 
4.2923869464361886e-06 
4.2923869464361886e-06 
4.2923869464361886e-06 
4.2923869464361886e-06 
4.2923869464361886e-06 
4.2923869464361886e-06 
4.2923869464361886e-06 
4.2923869464361886e-06 
4.2923869464361886e-06 
3.8655070455639873e-06 
3.8655070455639873e-06 
3.8655070455639873e-06 
3.8655070455639873e-06 
3.8655070455639873e-06 
3.8655070455639873e-06 
3.8655070455639873e-06 
3.8655070455639873e-06 
3.8655070455639873e-06 
3.8655070455639873e-06 
3.8655070455639873e-06 
3.8655070455639873e-06 
3.8655070455639873e-06 
3.8655070455639873e-06 
3.8655070455639873e-06 
3.8655070455639873e-06 
3.8655070455639873e-06 
3.8655070455639873e-06 
3.8655070455639873e-06 
3.8655070455639873e-06 
3.8655070455639873e-06 
3.8655070455639873e-06 
3.8655070455639873e-06 
3.8655070455639873e-06 
3.8655070455639873e-06 
3.8655070455639873e-06 
3.8655070455639873e-06 
3.8655070455639873e-06 
3.8655070455639873e-06 
3.8655070455639873e-06 
3.8655070455639873e-06 
3.8655070455639873e-06 
3.8655070455639873e-06 
3.8655070455639873e-06 
3.8655070455639873e-06 
3.8655070455639873e-06 
3.8655070455639873e-06 
3.8655070455639873e-06 
3.8655070455639873e-06 
3.8655070455639873e-06 
3.8655070455639873e-06 
3.8655070455639873e-06 
3.8655070455639873e-06 
3.8655070455639873e-06 
3.8655070455639873e-06 
3.8655070455639873e-06 
3.8655070455639873e-06 
3.8655070455639873e-06 
3.8655070455639873e-06 
3.8655070455639873e-06 
3.8655070455639873e-06 
3.8655070455639873e-06 
3.8655070455639873e-06 
3.8655070455639873e-06 
3.8655070455639873e-06 
3.8655070455639873e-06 
3.8655070455639873e-06 
3.8655070455639873e-06 
3.8655070455639873e-06 
3.8655070455639873e-06 
3.8655070455639873e-06 
3.8655070455639873e-06 
3.8655070455639873e-06 
3.8655070455639873e-06 
1.2877663665422645e-06 
1.2877663665422645e-06 
1.2877663665422645e-06 
1.2877663665422645e-06 
1.2877663665422645e-06 
1.2877663665422645e-06 
1.2877663665422645e-06 
1.2877663665422645e-06 
1.2877663665422645e-06 
1.2877663665422645e-06 
1.2877663665422645e-06 
1.2877663665422645e-06 
1.2877663665422645e-06 
1.2877663665422645e-06 
1.2877663665422645e-06 
1.2877663665422645e-06 
1.2877663665422645e-06 
1.2877663665422645e-06 
1.2877663665422645e-06 
1.2877663665422645e-06 
1.2877663665422645e-06 
1.2877663665422645e-06 
1.2877663665422645e-06 
1.2877663665422645e-06 
1.2877663665422645e-06 
1.2877663665422645e-06 
1.2877663665422645e-06 
1.2877663665422645e-06 
1.2877663665422645e-06 
1.2877663665422645e-06 
1.2877663665422645e-06 
1.2877663665422645e-06 
1.2877663665422645e-06 
1.2877663665422645e-06 
1.2877663665422645e-06 
1.2877663665422645e-06 
1.2877663665422645e-06 
1.2877663665422645e-06 
1.2877663665422645e-06 
1.2877663665422645e-06 
1.2877663665422645e-06 
1.2877663665422645e-06 
1.2877663665422645e-06 
1.2877663665422645e-06 
1.2877663665422645e-06 
1.2877663665422645e-06 
1.2877663665422645e-06 
1.2877663665422645e-06 
1.2877663665422645e-06 
1.2877663665422645e-06 
1.2877663665422645e-06 
1.2877663665422645e-06 
1.2877663665422645e-06 
1.2877663665422645e-06 
1.2877663665422645e-06 
1.2877663665422645e-06 
1.2877663665422645e-06 
1.2877663665422645e-06 
1.2877663665422645e-06 
1.2877663665422645e-06 
1.2877663665422645e-06 
1.2877663665422645e-06 
1.2877663665422645e-06 
1.2877663665422645e-06 
1.2877663665422645e-06 
1.2877663665422645e-06 
1.2877663665422645e-06 
1.2877663665422645e-06 
1.2877663665422645e-06 
1.2877663665422645e-06 
1.2877663665422645e-06 
1.2877663665422645e-06 
1.2877663665422645e-06 
1.2877663665422645e-06 
1.2877663665422645e-06 
1.2877663665422645e-06 
1.2877663665422645e-06 
1.2877663665422645e-06 
1.2877663665422645e-06 
1.2877663665422645e-06 
1.2877663665422645e-06 
1.2877663665422645e-06 
1.2877663665422645e-06 
1.2877663665422645e-06 
1.2877663665422645e-06 
1.2877663665422645e-06 
1.2877663665422645e-06 
1.2877663665422645e-06 
1.2877663665422645e-06 
1.2877663665422645e-06 
1.2877663665422645e-06 
1.2877663665422645e-06 
1.2877663665422645e-06 
1.2877663665422645e-06 
1.2877663665422645e-06 
1.2877663665422645e-06 
1.2877663665422645e-06 
1.2877663665422645e-06 
1.2877663665422645e-06 
1.2877663665422645e-06 
1.2877663665422645e-06 
1.2877663665422645e-06 
1.2877663665422645e-06 
1.2877663665422645e-06 
1.2877663665422645e-06 
1.2877663665422645e-06 
1.2877663665422645e-06 
1.2877663665422645e-06 
1.2877663665422645e-06 
1.2877663665422645e-06 
1.2877663665422645e-06 
1.2877663665422645e-06 
1.2877663665422645e-06 
1.2877663665422645e-06 
1.2877663665422645e-06 
1.2877663665422645e-06 
1.2877663665422645e-06 
1.2877663665422645e-06 
1.2877663665422645e-06 
1.2877663665422645e-06 
1.2877663665422645e-06 
1.2877663665422645e-06 
1.2877663665422645e-06 
1.2877663665422645e-06 
1.2877663665422645e-06 
1.2877663665422645e-06 
1.2877663665422645e-06 
1.2877663665422645e-06 
1.2877663665422645e-06 
1.2877663665422645e-06 
1.2877663665422645e-06 
1.2877663665422645e-06 
1.2877663665422645e-06 
1.2877663665422645e-06 
1.2877663665422645e-06 
1.2877663665422645e-06 
1.2877663665422645e-06 
1.2877663665422645e-06 
1.2877663665422645e-06 
1.2877663665422645e-06 
1.2877663665422645e-06 
1.2877663665422645e-06 
1.2877663665422645e-06 
1.2877663665422645e-06 
1.2877663665422645e-06 
1.2877663665422645e-06 
1.2877663665422645e-06 
1.2877663665422645e-06 
1.2877663665422645e-06 
1.2877663665422645e-06 
1.2877663665422645e-06 
1.2877663665422645e-06 
1.2877663665422645e-06 
1.2877663665422645e-06 
1.2877663665422645e-06 
1.2877663665422645e-06 
1.2877663665422645e-06 
1.2877663665422645e-06 
1.2877663665422645e-06 
1.2877663665422645e-06 
1.2877663665422645e-06 
1.2877663665422645e-06 
1.2877663665422645e-06 
1.2877663665422645e-06 
1.2877663665422645e-06 
1.2877663665422645e-06 
1.2877663665422645e-06 
1.2877663665422645e-06 
1.2877663665422645e-06 
1.2877663665422645e-06 
1.2877663665422645e-06 
1.2877663665422645e-06 
1.2877663665422645e-06 
1.2877663665422645e-06 
1.2877663665422645e-06 
1.2877663665422645e-06 
1.2877663665422645e-06 
1.2877663665422645e-06 
1.2877663665422645e-06 
1.2877663665422645e-06 
1.2877663665422645e-06 
1.2877663665422645e-06 
1.2877663665422645e-06 
1.2877663665422645e-06 
1.2877663665422645e-06 
1.2877663665422645e-06 
1.2877663665422645e-06 
1.2877663665422645e-06 
1.2877663665422645e-06 
1.2877663665422645e-06 
1.2877663665422645e-06 
1.2877663665422645e-06 
1.2877663665422645e-06 
1.2877663665422645e-06 
1.2877663665422645e-06 
1.2877663665422645e-06 
1.2877663665422645e-06 
1.2877663665422645e-06 
1.2877663665422645e-06 
1.2877663665422645e-06 
1.2877663665422645e-06 
1.2877663665422645e-06 
1.2877663665422645e-06 
1.2877663665422645e-06 
1.2877663665422645e-06 
1.2877663665422645e-06 
1.2877663665422645e-06 
1.2877663665422645e-06 
1.2877663665422645e-06 
1.2877663665422645e-06 
1.2877663665422645e-06 
1.2877663665422645e-06 
1.2877663665422645e-06 
1.2877663665422645e-06 
1.2877663665422645e-06 
1.2877663665422645e-06 
1.2877663665422645e-06 
1.2877663665422645e-06 
1.2877663665422645e-06 
1.2877663665422645e-06 
1.2877663665422645e-06 
1.2877663665422645e-06 
1.2877663665422645e-06 
1.2877663665422645e-06 
1.2877663665422645e-06 
1.2877663665422645e-06 
1.2877663665422645e-06 
1.2877663665422645e-06 
1.2877663665422645e-06 
1.2877663665422645e-06 
1.2877663665422645e-06 
1.2877663665422645e-06 
1.2877663665422645e-06 
1.2877663665422645e-06 
1.2877663665422645e-06 
1.2877663665422645e-06 
1.2877663665422645e-06 
1.2877663665422645e-06 
1.2877663665422645e-06 
1.2877663665422645e-06 
1.2877663665422645e-06 
1.2877663665422645e-06 
1.2877663665422645e-06 
1.2877663665422645e-06 
1.2877663665422645e-06 
1.2877663665422645e-06 
1.2877663665422645e-06 
1.2877663665422645e-06 
1.2877663665422645e-06 
1.2877663665422645e-06 
1.2877663665422645e-06 
1.2877663665422645e-06 
1.2877663665422645e-06 
1.2877663665422645e-06 
1.2877663665422645e-06 
1.2877663665422645e-06 
1.2877663665422645e-06 
1.2877663665422645e-06 
1.2877663665422645e-06 
1.2877663665422645e-06 
1.2877663665422645e-06 
1.2877663665422645e-06 
1.2877663665422645e-06 
1.2877663665422645e-06 
1.2877663665422645e-06 
1.2877663665422645e-06 
1.2877663665422645e-06 
1.2877663665422645e-06 
1.2877663665422645e-06 
1.2877663665422645e-06 
1.2877663665422645e-06 
1.2877663665422645e-06 
1.2877663665422645e-06 
1.2877663665422645e-06 
1.2877663665422645e-06 
1.2877663665422645e-06 
1.2877663665422645e-06 
1.2877663665422645e-06 
1.2877663665422645e-06 
1.2877663665422645e-06 
1.2877663665422645e-06 
1.2877663665422645e-06 
1.2877663665422645e-06 
1.2877663665422645e-06 
1.2877663665422645e-06 
1.2877663665422645e-06 
1.2877663665422645e-06 
1.2877663665422645e-06 
1.2877663665422645e-06 
1.2877663665422645e-06 
1.2877663665422645e-06 
1.2877663665422645e-06 
1.2877663665422645e-06 
1.2877663665422645e-06 
1.2877663665422645e-06 
1.2877663665422645e-06 
1.2877663665422645e-06 
1.2877663665422645e-06 
1.2877663665422645e-06 
1.2877663665422645e-06 
1.2877663665422645e-06 
1.2877663665422645e-06 
1.2877663665422645e-06 
1.2877663665422645e-06 
1.2877663665422645e-06 
1.2877663665422645e-06 
1.2877663665422645e-06 
1.2877663665422645e-06 
1.2877663665422645e-06 
1.2877663665422645e-06 
1.2877663665422645e-06 
1.2877663665422645e-06 
1.2877663665422645e-06 
1.2877663665422645e-06 
1.2877663665422645e-06 
1.2877663665422645e-06 
1.2877663665422645e-06 
1.2877663665422645e-06 
1.2877663665422645e-06 
1.2877663665422645e-06 
1.2877663665422645e-06 
1.2877663665422645e-06 
1.2877663665422645e-06 
1.2877663665422645e-06 
1.2877663665422645e-06 
1.2877663665422645e-06 
1.2877663665422645e-06 
1.2877663665422645e-06 
1.2877663665422645e-06 
1.2877663665422645e-06 
1.2877663665422645e-06 
1.2877663665422645e-06 
1.2877663665422645e-06 
1.2877663665422645e-06 
1.2877663665422645e-06 
1.2877663665422645e-06 
1.2877663665422645e-06 
1.2877663665422645e-06 
1.2877663665422645e-06 
1.2877663665422645e-06 
1.2877663665422645e-06 
1.2877663665422645e-06 
1.2877663665422645e-06 
1.2877663665422645e-06 
1.2877663665422645e-06 
1.2877663665422645e-06 
1.2877663665422645e-06 
1.2877663665422645e-06 
1.2877663665422645e-06 
1.2877663665422645e-06 
1.2877663665422645e-06 
1.2877663665422645e-06 
1.2877663665422645e-06 
1.2877663665422645e-06 
1.2877663665422645e-06 
1.2877663665422645e-06 
1.2877663665422645e-06 
1.2877663665422645e-06 
1.2877663665422645e-06 
1.2877663665422645e-06 
1.2877663665422645e-06 
1.2877663665422645e-06 
1.2877663665422645e-06 
1.2877663665422645e-06 
1.2877663665422645e-06 
1.2877663665422645e-06 
1.2877663665422645e-06 
1.2877663665422645e-06 
1.2877663665422645e-06 
1.2877663665422645e-06 
1.2877663665422645e-06 
1.2877663665422645e-06 
1.2877663665422645e-06 
1.2877663665422645e-06 
1.2877663665422645e-06 
1.2877663665422645e-06 
1.2877663665422645e-06 
1.2877663665422645e-06 
1.2877663665422645e-06 
1.2877663665422645e-06 
1.2877663665422645e-06 
1.2877663665422645e-06 
1.2877663665422645e-06 
1.2877663665422645e-06 
1.2877663665422645e-06 
1.2877663665422645e-06 
1.2877663665422645e-06 
1.2877663665422645e-06 
1.2877663665422645e-06 
1.2877663665422645e-06 
1.2877663665422645e-06 
1.2877663665422645e-06 
1.2877663665422645e-06 
1.2877663665422645e-06 
1.2877663665422645e-06 
1.2877663665422645e-06 
1.2877663665422645e-06 
1.2877663665422645e-06 
1.2877663665422645e-06 
1.2877663665422645e-06 
1.2877663665422645e-06 
1.2877663665422645e-06 
1.2877663665422645e-06 
1.2877663665422645e-06 
1.2877663665422645e-06 
1.2877663665422645e-06 
1.2877663665422645e-06 
1.2877663665422645e-06 
1.2877663665422645e-06 
1.2877663665422645e-06 
1.2877663665422645e-06 
1.2877663665422645e-06 
1.2877663665422645e-06 
1.2877663665422645e-06 
1.2877663665422645e-06 
1.2877663665422645e-06 
1.2877663665422645e-06 
1.2877663665422645e-06 
1.2877663665422645e-06 
1.2877663665422645e-06 
1.2877663665422645e-06 
1.2877663665422645e-06 
1.2877663665422645e-06 
1.2877663665422645e-06 
1.2877663665422645e-06 
1.2877663665422645e-06 
1.2877663665422645e-06 
1.2877663665422645e-06 
1.2877663665422645e-06 
1.2877663665422645e-06 
1.2877663665422645e-06 
1.2877663665422645e-06 
1.2877663665422645e-06 
1.2877663665422645e-06 
1.2877663665422645e-06 
1.2877663665422645e-06 
1.2877663665422645e-06 
1.2877663665422645e-06 
1.2877663665422645e-06 
1.2877663665422645e-06 
1.2877663665422645e-06 
1.2877663665422645e-06 
1.2877663665422645e-06 
1.2877663665422645e-06 
1.2877663665422645e-06 
1.2877663665422645e-06 
1.2877663665422645e-06 
1.2877663665422645e-06 
1.2877663665422645e-06 
1.2877663665422645e-06 
1.2877663665422645e-06 
1.2877663665422645e-06 
1.2877663665422645e-06 
1.2877663665422645e-06 
1.2877663665422645e-06 
1.2877663665422645e-06 
1.2877663665422645e-06 
1.2877663665422645e-06 
1.2877663665422645e-06 
1.2877663665422645e-06 
1.2877663665422645e-06 
1.2877663665422645e-06 
1.2877663665422645e-06 
1.2877663665422645e-06 
1.2877663665422645e-06 
1.2877663665422645e-06 
1.2877663665422645e-06 
1.2877663665422645e-06 
1.2877663665422645e-06 
1.2877663665422645e-06 
1.2877663665422645e-06 
1.2877663665422645e-06 
1.2877663665422645e-06 
1.2877663665422645e-06 
1.2877663665422645e-06 
1.2877663665422645e-06 
1.2877663665422645e-06 
1.2877663665422645e-06 
1.2877663665422645e-06 
1.2877663665422645e-06 
1.2877663665422645e-06 
1.2877663665422645e-06 
1.2877663665422645e-06 
1.2877663665422645e-06 
1.2877663665422645e-06 
1.2877663665422645e-06 
1.2877663665422645e-06 
1.2877663665422645e-06 
1.2877663665422645e-06 
1.2877663665422645e-06 
1.2877663665422645e-06 
1.2877663665422645e-06 
